,Date,Adj Close,daily_return
0,2017-01-03,25.03815460205078,
1,2017-01-04,25.297809600830078,0.010370372853198528
2,2017-01-05,25.279260635375977,-0.0007332241702654452
3,2017-01-06,25.28853988647461,0.00036706971902678015
4,2017-01-09,25.01960754394531,-0.010634553981233918
5,2017-01-10,24.90832901000977,-0.00444765305531214
6,2017-01-11,26.46625518798828,0.06254639471609824
7,2017-01-12,25.770753860473643,-0.026278796247316882
8,2017-01-13,25.78929901123047,0.0007196200335166657
9,2017-01-17,25.511096954345703,-0.010787499759633556
10,2017-01-18,25.69656562805176,0.00727011755072593
11,2017-01-19,25.733661651611328,0.0014436179564427665
12,2017-01-20,26.00258827209473,0.01045038300900192
13,2017-01-23,25.96548843383789,-0.0014267748221300502
14,2017-01-24,26.49407958984375,0.02035745090460184
15,2017-01-25,26.948474884033203,0.017150823928363312
16,2017-01-26,27.421417236328125,0.01754987450422063
17,2017-01-27,27.560516357421875,0.005072645220884908
18,2017-01-30,27.05048179626465,-0.01850598713546514
19,2017-01-31,27.14321136474609,0.0034280191081197398
20,2017-02-01,27.783077239990234,0.023573698286681436
21,2017-02-02,27.2266788482666,-0.02002652142948258
22,2017-02-03,28.37657928466797,0.04223432622134071
23,2017-02-06,27.838722229003906,-0.01895425978827092
24,2017-02-07,27.949995040893555,0.00399705169563136
25,2017-02-08,27.764535903930664,-0.006635390692969589
26,2017-02-09,27.866539001464844,0.0036738628690615727
27,2017-02-10,28.13546943664551,0.009650657915090566
28,2017-02-13,28.181833267211914,0.0016478783363043092
29,2017-02-14,28.320934295654297,0.004935840302632721
30,2017-02-15,28.61768341064453,0.010478083522681205
31,2017-02-16,28.70114326477051,0.00291637352081886
32,2017-02-17,28.70114326477051,0.0
33,2017-02-21,28.84952163696289,0.005169772187246124
34,2017-02-22,28.6455020904541,-0.007071851973011301
35,2017-02-23,28.65477752685547,0.0003238007967909517
36,2017-02-24,28.63622856140137,-0.0006473254045233912
37,2017-02-27,28.265295028686523,-0.012953295575201085
38,2017-02-28,27.866539001464844,-0.014107619496523284
39,2017-03-01,28.320934295654297,0.016306125929939297
40,2017-03-02,27.801626205444336,-0.018336545143203372
41,2017-03-03,27.94072341918945,0.00500320422687639
42,2017-03-06,27.959272384643555,0.000663868475265339
43,2017-03-07,27.588336944580078,-0.013266991893079784
44,2017-03-08,27.421417236328125,-0.006050372249232106
45,2017-03-09,27.31940650939941,-0.003720111402322757
46,2017-03-10,26.68881607055664,-0.02308214267487152
47,2017-03-13,26.874290466308594,0.0069495175530311926
48,2017-03-14,26.71664047241211,-0.005866201159585027
49,2017-03-15,26.56826400756836,-0.005553709681311414
50,2017-03-16,26.642452239990234,0.00279236281304418
51,2017-03-17,27.2081298828125,0.02123219130606846
52,2017-03-20,26.85573387145996,-0.012951864493088494
53,2017-03-21,25.96548843383789,-0.033149175586973945
54,2017-03-22,25.993318557739247,0.0010718120697890132
55,2017-03-23,26.70736122131348,0.027470238630289637
56,2017-03-24,26.85573387145996,0.005555496438490293
57,2017-03-27,26.76301002502441,-0.003452664778380465
58,2017-03-28,26.948474884033203,0.006929895360625604
59,2017-03-29,26.92057609558105,-0.0010352640946179603
60,2017-03-30,27.497114181518555,0.02141626107444794
61,2017-03-31,27.23674201965332,-0.009469072286874214
62,2017-04-03,26.93917465209961,-0.010925218858371277
63,2017-04-04,27.125154495239247,0.006903694917956393
64,2017-04-05,26.623004913330078,-0.018512321542622057
65,2017-04-06,26.80898857116699,0.006985825170463311
66,2017-04-07,26.67880630493164,-0.004855918599456555
67,2017-04-10,26.455629348754893,-0.008365327654689447
68,2017-04-11,26.762493133544922,0.011599186726755084
69,2017-04-12,26.41842842102051,-0.012856227960807988
70,2017-04-13,26.613712310791016,0.007391957108815904
71,2017-04-17,26.93917465209961,0.012229122247505051
72,2017-04-18,26.743896484375,-0.007248854883139089
73,2017-04-19,26.96706962585449,0.008344825205626849
74,2017-04-20,27.869068145751953,0.0334481474039241
75,2017-04-21,28.14804458618164,0.010010253624939123
76,2017-04-24,28.854766845703125,0.025107330541476625
77,2017-04-25,29.514991760253906,0.022880965148020186
78,2017-04-26,29.29181861877441,-0.007561348595056304
79,2017-04-27,28.473506927490234,-0.027936527326428373
80,2017-04-28,27.934165954589844,-0.018941852658819317
81,2017-05-01,28.12944602966309,0.006990725099532025
82,2017-05-02,27.02286720275879,-0.03933880623661734
83,2017-05-03,27.30183410644531,0.010323364341517484
84,2017-05-04,27.85047721862793,0.020095467214530368
85,2017-05-05,27.869068145751953,0.0006675263399646969
86,2017-05-08,27.83187484741211,-0.001334572729354555
87,2017-05-09,27.478517532348643,-0.012696137683887332
88,2017-05-10,27.552906036376953,0.002707151284298215
89,2017-05-11,27.08795547485352,-0.016874828408646958
90,2017-05-12,26.874080657958984,-0.00789556882921938
91,2017-05-15,26.98566818237305,0.004152235971689677
92,2017-05-16,26.82759094238281,-0.0058578219713490975
93,2017-05-17,26.03716468811035,-0.029463184225898
94,2017-05-18,26.22315216064453,0.007143153825005744
95,2017-05-19,26.176654815673828,-0.0017731409513950247
96,2017-05-22,26.25104713439941,0.002841933747815606
97,2017-05-23,26.697399139404297,0.01700320763281038
98,2017-05-24,26.92057609558105,0.008359501800583756
99,2017-05-25,26.58581352233887,-0.012435193513452791
100,2017-05-26,26.399829864501953,-0.006995597771745632
101,2017-05-30,26.03716468811035,-0.013737405818635695
102,2017-05-31,25.81399345397949,-0.008571257155076228
103,2017-06-01,26.58581352233887,0.029899289690894282
104,2017-06-02,26.77179336547852,0.006995454285548819
105,2017-06-05,26.07436943054199,-0.02605069915995395
106,2017-06-06,26.42773246765137,0.013552122058049676
107,2017-06-07,26.381235122680664,-0.0017594148505787333
108,2017-06-08,27.050764083862305,0.02537898464829746
109,2017-06-09,28.7431755065918,0.06256427424684619
110,2017-06-12,28.826868057250977,0.002911736409916932
111,2017-06-13,29.46849632263184,0.02225799431650266
112,2017-06-14,29.589385986328125,0.004102335673077384
113,2017-06-15,29.36620903015137,-0.007542466622317724
114,2017-06-16,28.95705223083496,-0.01393291176591138
115,2017-06-19,28.97565269470215,0.0006423465938076857
116,2017-06-20,28.49210357666016,-0.01668811823280858
117,2017-06-21,28.166643142700195,-0.011422829244049582
118,2017-06-22,28.092247009277344,-0.002641285049337916
119,2017-06-23,28.1108455657959,0.0006620530038914385
120,2017-06-26,28.02715110778809,-0.002977301334174176
121,2017-06-27,28.17593765258789,0.005308657459603738
122,2017-06-28,29.173568725585927,0.035407200473642764
123,2017-06-29,29.57448005676269,0.013742279353885056
124,2017-06-30,29.14559364318848,-0.01450190883325908
125,2017-07-03,29.481243133544922,0.0115163030976686
126,2017-07-05,29.29476928710937,-0.0063251690436137995
127,2017-07-06,29.19221115112305,-0.003500902669045791
128,2017-07-07,29.43462562561035,0.008304080606719387
129,2017-07-10,29.02438735961914,-0.01393726800568762
130,2017-07-11,28.67008972167969,-0.012206894621051512
131,2017-07-12,29.0803279876709,0.014308928572378752
132,2017-07-13,28.94979858398437,-0.004488580862700986
133,2017-07-14,28.73535919189453,-0.007407284422644378
134,2017-07-17,28.79129981994629,0.0019467523505860558
135,2017-07-18,28.83791542053223,0.001619086351691834
136,2017-07-19,28.94979858398437,0.003879724377459093
137,2017-07-20,28.84724044799805,-0.003542620018194498
138,2017-07-21,28.73535919189453,-0.003878404116511747
139,2017-07-24,28.996416091918945,0.009084866428189729
140,2017-07-25,29.57448005676269,0.019935703881861718
141,2017-07-26,29.900806427001953,0.011034052656646587
142,2017-07-27,29.36935997009277,-0.017773649624020168
143,2017-07-28,29.34139060974121,-0.0009523312860764133
144,2017-07-31,29.18288993835449,-0.005401948172630289
145,2017-08-01,29.686363220214844,0.017252344881671492
146,2017-08-02,29.518537521362305,-0.0056532926450977294
147,2017-08-03,29.45327377319336,-0.0022109411118933497
148,2017-08-04,29.45327377319336,0.0
149,2017-08-07,29.471925735473643,0.0006332729741322929
150,2017-08-08,29.57448005676269,0.003479729224670658
151,2017-08-09,29.34139060974121,-0.007881438543437036
152,2017-08-10,28.62346839904785,-0.02446789997932175
153,2017-08-11,27.98946952819824,-0.02214961730042131
154,2017-08-14,28.437000274658203,0.015989254316131074
155,2017-08-15,28.50226974487305,0.0022952304949341857
156,2017-08-16,28.67941093444824,0.006214985373473647
157,2017-08-17,28.33444023132324,-0.012028514250640998
158,2017-08-18,28.371734619140625,0.0013162210904085205
159,2017-08-21,28.446325302124023,0.00262904908651862
160,2017-08-22,28.576852798461914,0.004588553880038315
161,2017-08-23,28.595502853393555,0.0006526280225176427
162,2017-08-24,28.73535919189453,0.004890850817277359
163,2017-08-25,28.726032257080078,-0.00032458041509653146
164,2017-08-28,28.64212226867676,-0.0029210434511934835
165,2017-08-29,28.86588859558105,0.0078124911556920465
166,2017-08-30,28.931154251098643,0.002260995891447681
167,2017-08-31,28.84724044799805,-0.002900465096286497
168,2017-09-01,29.0803279876709,0.008080063675173001
169,2017-09-05,28.437000274658203,-0.022122436627449504
170,2017-09-06,28.437000274658203,0.0
171,2017-09-07,28.04540824890137,-0.01377051102347815
172,2017-09-08,28.427677154541016,0.013630356251085107
173,2017-09-11,28.987091064453125,0.01967849525203813
174,2017-09-12,28.875207901000977,-0.0038597582352563045
175,2017-09-13,29.015066146850586,0.004843540740178121
176,2017-09-14,29.0803279876709,0.002249239773916445
177,2017-09-15,29.28544616699219,0.007053502952520273
178,2017-09-18,29.84486389160156,0.019102243531460728
179,2017-09-19,29.928773880004893,0.0028115386522820085
180,2017-09-20,30.096599578857425,0.005607503318559193
181,2017-09-21,30.48819351196289,0.013011235109116948
182,2017-09-22,30.8518123626709,0.011926546273242744
183,2017-09-25,30.739931106567386,-0.003626407900719775
184,2017-09-26,30.926401138305664,0.006066052363352226
185,2017-09-27,31.485824584960927,0.018088863432685683
186,2017-09-28,31.999834060668945,0.016325107647126247
187,2017-09-29,32.158714294433594,0.004965033051840928
188,2017-10-02,32.943756103515625,0.024411479945823492
189,2017-10-03,33.429733276367195,0.014751723249909253
190,2017-10-04,32.719451904296875,-0.021246994889200788
191,2017-10-05,32.93440628051758,0.006569620324002878
192,2017-10-06,33.06525039672852,0.00397287004649427
193,2017-10-09,33.177398681640625,0.003391726467106837
194,2017-10-10,33.158714294433594,-0.0005631661296390256
195,2017-10-11,33.08394241333008,-0.0022549692500010154
196,2017-10-12,33.10263442993164,0.0005649875812270277
197,2017-10-13,33.13066864013672,0.0008468875872831294
198,2017-10-16,33.49515914916992,0.01100160437425135
199,2017-10-17,33.121322631835945,-0.011160911810244143
200,2017-10-18,33.252166748046875,0.00395044961414559
201,2017-10-19,33.30823516845703,0.0016861584039016275
202,2017-10-20,33.261524200439446,-0.001402384959195313
203,2017-10-23,32.962448120117195,-0.008991652893594715
204,2017-10-24,32.784873962402344,-0.005387165330310362
205,2017-10-25,33.87833786010742,0.03335269487261283
206,2017-10-26,34.308238983154304,0.012689557699733012
207,2017-10-27,34.76617813110352,0.013347789380098174
208,2017-10-30,34.08393096923828,-0.01962387580517144
209,2017-10-31,34.29888916015625,0.006306731201632054
210,2017-11-01,34.04655075073242,-0.00735704320468078
211,2017-11-02,34.54187393188477,0.014548410051250071
212,2017-11-03,34.42972946166992,-0.0032466238061084067
213,2017-11-06,34.36431121826172,-0.0019000510439977079
214,2017-11-07,33.457775115966804,-0.026380162155357545
215,2017-11-08,32.962448120117195,-0.01480454077214566
216,2017-11-09,32.383010864257805,-0.017578708163540683
217,2017-11-10,32.485809326171875,0.00317445657987081
218,2017-11-13,32.86898422241211,0.01179514699458428
219,2017-11-14,33.261524200439446,0.011942564922942768
220,2017-11-15,33.719451904296875,0.013767490061425969
221,2017-11-16,33.710113525390625,-0.0002769433777498609
222,2017-11-17,33.925052642822266,0.006376101856487404
223,2017-11-20,34.326927185058594,0.011845951912512476
224,2017-11-21,34.71944808959961,0.011434781284817895
225,2017-11-22,34.49515151977539,-0.006460257353324894
226,2017-11-24,34.242813110351555,-0.007315184839213562
227,2017-11-27,34.17740249633789,-0.0019101997783556035
228,2017-11-28,34.840938568115234,0.01941446755201604
229,2017-11-29,36.28018569946289,0.04130908036630188
230,2017-11-30,35.42038345336914,-0.02369894832447006
231,2017-12-01,35.35496139526367,-0.0018470172179698707
232,2017-12-04,35.77552032470703,0.011895329901270957
233,2017-12-05,35.42038345336914,-0.009926812192096346
234,2017-12-06,35.26150131225586,-0.004485613243641161
235,2017-12-07,35.56056594848633,0.008481335879097163
236,2017-12-08,35.02786636352539,-0.01498006487671244
237,2017-12-11,34.383007049560554,-0.01840989420458483
238,2017-12-12,34.53253555297852,0.004348907098277843
239,2017-12-13,34.22412872314453,-0.00893090602515545
240,2017-12-14,33.775527954101555,-0.01310773380593333
241,2017-12-15,34.326927185058594,0.016325406717738078
242,2017-12-18,34.14935302734375,-0.0051730280650386104
243,2017-12-19,33.82226181030273,-0.009578255165745508
244,2017-12-20,33.63533401489258,-0.005526768033981888
245,2017-12-21,34.373653411865234,0.021950708045466616
246,2017-12-22,33.887680053710945,-0.014137960615688838
247,2017-12-26,33.383010864257805,-0.014892408941929782
248,2017-12-27,33.16806411743164,-0.006438806484537429
249,2017-12-28,33.42095184326172,0.007624434303272309
250,2017-12-29,33.07439422607422,-0.010369471785626971
251,2018-01-02,33.42095184326172,0.010478124400969069
252,2018-01-03,33.26171875,-0.004764469127285564
253,2018-01-04,33.79562759399414,0.01605175150469762
254,2018-01-05,33.936134338378906,0.004157542096059119
255,2018-01-08,33.42095184326172,-0.015180942236386663
256,2018-01-09,33.51462554931641,0.002802843751847917
257,2018-01-10,33.870567321777344,0.010620490804444938
258,2018-01-11,34.470046997070305,0.017699132984628774
259,2018-01-12,34.62929153442383,0.004619794610870587
260,2018-01-16,34.32018280029297,-0.008926221716767824
261,2018-01-17,34.610549926757805,0.00846053554418602
262,2018-01-18,33.936134338378906,-0.019485838560961418
263,2018-01-19,34.591819763183594,0.01932115833426451
264,2018-01-22,34.404476165771484,-0.0054158352666806575
265,2018-01-23,34.310802459716804,-0.002722718567297222
266,2018-01-24,34.189041137695305,-0.0035487751172376125
267,2018-01-25,34.207775115966804,0.0005479527254375062
268,2018-01-26,33.936134338378906,-0.007940907488634297
269,2018-01-29,34.001697540283196,0.0019319584620498547
270,2018-01-30,34.189041137695305,0.00550983071330946
271,2018-01-31,34.09537887573242,-0.0027395404739682942
272,2018-02-01,34.610549926757805,0.015109703074514202
273,2018-02-02,34.57307815551758,-0.001082669050897045
274,2018-02-05,33.05565643310547,-0.04389026963657683
275,2018-02-06,32.727806091308594,-0.009918131332842915
276,2018-02-07,32.67160797119141,-0.0017171367967773188
277,2018-02-08,32.16579818725586,-0.01548163115759582
278,2018-02-09,32.57794189453125,0.01281310368472943
279,2018-02-12,32.624771118164055,0.001437451874167328
280,2018-02-13,32.624771118164055,0.0
281,2018-02-14,33.186782836914055,0.017226533688602608
282,2018-02-15,33.27108764648437,0.002540312810211276
283,2018-02-16,33.739437103271484,0.014076770250599504
284,2018-02-20,33.327285766601555,-0.01221571466673832
285,2018-02-21,33.52399444580078,0.005902331218234247
286,2018-02-22,33.13995361328125,-0.011455700278808378
287,2018-02-23,33.45842742919922,0.009609965651561359
288,2018-02-26,33.44906234741211,-0.00027990203086880605
289,2018-02-27,32.84021377563477,-0.018202261260828467
290,2018-02-28,32.437442779541016,-0.012264566815718636
291,2018-03-01,32.34376907348633,-0.0028878264754510496
292,2018-03-02,32.69034576416016,0.010715408271880776
293,2018-03-05,33.336654663085945,0.019770635146794783
294,2018-03-06,33.898670196533196,0.01685878619577208
295,2018-03-07,34.207775115966804,0.009118496909805708
296,2018-03-08,33.973602294921875,-0.006845602213270685
297,2018-03-09,34.83535385131836,0.025365327730503703
298,2018-03-12,35.060157775878906,0.006453326856389553
299,2018-03-13,35.116363525390625,0.0016031231197251028
300,2018-03-14,34.36700820922852,-0.021339206026281362
301,2018-03-15,34.713584899902344,0.01008457554884723
302,2018-03-16,34.872817993164055,0.004587054138051938
303,2018-03-19,34.882190704345696,0.00026876839099942984
304,2018-03-20,34.507511138916016,-0.010741285391315802
305,2018-03-21,34.73232269287109,0.006514858549202529
306,2018-03-22,33.748794555664055,-0.028317373010268158
307,2018-03-23,32.83084487915039,-0.02719948041402287
308,2018-03-26,33.608291625976555,0.0236803758687274
309,2018-03-27,33.327285766601555,-0.008361206291063183
310,2018-03-28,33.768783569335945,0.013247337506759438
311,2018-03-29,33.486984252929695,-0.008344964983048486
312,2018-04-02,32.979747772216804,-0.015147272650224197
313,2018-04-03,33.430614471435554,0.013671017205248992
314,2018-04-04,33.94724273681641,0.015453747217906818
315,2018-04-05,34.407516479492195,0.013558501532632716
316,2018-04-06,33.45879364013672,-0.027573127514766704
317,2018-04-09,33.693634033203125,0.0070187943890689395
318,2018-04-10,34.125720977783196,0.012823993522167232
319,2018-04-11,33.94724273681641,-0.005230021105868454
320,2018-04-12,34.25722885131836,0.009131407723012464
321,2018-04-13,33.87210464477539,-0.011242129601739427
322,2018-04-16,34.351158142089844,0.014143009486372373
323,2018-04-17,33.618484497070305,-0.02132893575200323
324,2018-04-18,33.64665985107422,0.0008380911401990597
325,2018-04-19,34.14451217651367,0.014796485821862547
326,2018-04-20,34.43568801879883,0.00852774937242895
327,2018-04-23,34.62356185913086,0.005455788780217352
328,2018-04-24,34.79264450073242,0.00488345602019491
329,2018-04-25,36.7276496887207,0.05561535249059757
330,2018-04-26,36.896728515625,0.0046035841753364615
331,2018-04-27,36.34252548217773,-0.01502038407585593
332,2018-04-30,35.83530044555664,-0.013956791111554123
333,2018-05-01,36.05133438110352,0.006028523072524328
334,2018-05-02,35.98559188842773,-0.0018235800090177228
335,2018-05-03,35.80710983276367,-0.004959819925080988
336,2018-05-04,36.43645858764648,0.0175760835717309
337,2018-05-07,36.586761474609375,0.004125068483298078
338,2018-05-08,37.19731140136719,0.016687728078406794
339,2018-05-09,37.65758895874024,0.012373946934136182
340,2018-05-10,37.78908920288086,0.0034919984995507303
341,2018-05-11,37.8172721862793,0.0007457968422348582
342,2018-05-14,37.50728988647461,-0.008196844507392997
343,2018-05-15,37.82666015625,0.008514885259426784
344,2018-05-16,38.23057174682617,0.010677960700409272
345,2018-05-17,38.69084548950195,0.012039415620667349
346,2018-05-18,38.24936294555664,-0.011410516838281535
347,2018-05-21,38.74720764160156,0.013015764386809405
348,2018-05-22,38.7659912109375,0.00048477220628839756
349,2018-05-23,38.83173370361328,0.0016958806062266074
350,2018-05-24,38.728416442871094,-0.0026606399171040795
351,2018-05-25,38.63448715209961,-0.002425332595512697
352,2018-05-29,38.43722534179688,-0.0051058477760072
353,2018-05-30,39.25444412231445,0.02126112832678695
354,2018-05-31,39.08536148071289,-0.004307350298343615
355,2018-06-01,39.38594818115234,0.007690518625183441
356,2018-06-04,39.57380676269531,0.004769685388274159
357,2018-06-05,39.357765197753906,-0.0054592060409275325
358,2018-06-06,39.98712158203125,0.01599065346101658
359,2018-06-07,39.77106857299805,-0.005403064798999879
360,2018-06-08,39.69591903686523,-0.0018895528541026387
361,2018-06-11,39.30140686035156,-0.009938356034716931
362,2018-06-12,39.03839111328125,-0.006692273078286459
363,2018-06-13,39.03839111328125,0.0
364,2018-06-14,38.93507766723633,-0.0026464575792871647
365,2018-06-15,39.21686553955078,0.007237377942912905
366,2018-06-18,39.29201889038086,0.0019163528190258015
367,2018-06-19,39.9025764465332,0.015538971358425526
368,2018-06-20,40.02468490600586,0.00306016479001725
369,2018-06-21,39.742897033691406,-0.007040352047148034
370,2018-06-22,39.26383590698242,-0.012054006186385193
371,2018-06-25,39.15110397338867,-0.0028711390772112604
372,2018-06-26,39.64895629882813,0.012716175916210659
373,2018-06-27,38.63448715209961,-0.025586276195585626
374,2018-06-28,38.61564636230469,-0.0004876676561215153
375,2018-06-29,38.52149200439453,-0.0024382437374418364
376,2018-07-02,38.73805618286133,0.005621905258552662
377,2018-07-03,38.76630401611328,0.0007292011018469324
378,2018-07-05,38.98287963867188,0.005586697727711698
379,2018-07-06,39.26536178588867,0.007246312992654325
380,2018-07-09,39.93391036987305,0.017026421089150427
381,2018-07-10,38.83222961425781,-0.0275876002477925
382,2018-07-11,38.99230575561523,0.004122249557842572
383,2018-07-12,38.63448333740234,-0.009176744264767
384,2018-07-13,38.08834838867188,-0.014135945444409326
385,2018-07-16,38.53090286254883,0.011619156319431443
386,2018-07-17,38.33317184448242,-0.0051317514871575
387,2018-07-18,38.51207733154297,0.0046671193238683175
388,2018-07-19,38.69098663330078,0.00464553756001318
389,2018-07-20,38.82281112670898,0.003407111187356815
390,2018-07-23,39.35952758789063,0.013824770685201935
391,2018-07-24,39.04880142211914,-0.00789456034698677
392,2018-07-25,40.41413879394531,0.03496489833495331
393,2018-07-26,40.05632400512695,-0.00885370317162282
394,2018-07-27,39.4913444519043,-0.014104628101928253
395,2018-07-30,39.05821228027344,-0.010967774778049444
396,2018-07-31,39.00171661376953,-0.001446447832750386
397,2018-08-01,39.38778305053711,0.009898703705551126
398,2018-08-02,39.962158203125,0.014582571246798182
399,2018-08-03,39.11471176147461,-0.02120622308091757
400,2018-08-06,39.08646011352539,-0.00072227677712422
401,2018-08-07,38.88872146606445,-0.005059006287256862
402,2018-08-08,39.05821228027344,0.00435835398592066
403,2018-08-09,38.9263801574707,-0.003375272832682019
404,2018-08-10,38.9263801574707,0.0
405,2018-08-13,38.81338882446289,-0.0029026930464821628
406,2018-08-14,39.29360961914063,0.01237255517289615
407,2018-08-15,38.74748229980469,-0.013898629436933095
408,2018-08-16,39.78325271606445,0.02673129593932311
409,2018-08-17,39.858585357666016,0.001893576730369828
410,2018-08-20,39.92449569702149,0.0016536045813979605
411,2018-08-21,40.39531707763672,0.011792794683950223
412,2018-08-22,40.45180130004883,0.0013982863979888904
413,2018-08-23,40.39531707763672,-0.0013963339232569982
414,2018-08-24,40.338809967041016,-0.001398853002864242
415,2018-08-27,39.92449569702149,-0.010270860006976969
416,2018-08-28,39.40660858154297,-0.01297166329685562
417,2018-08-29,39.18062210083008,-0.005734735589977613
418,2018-08-30,39.12412643432617,-0.0014419287768968616
419,2018-08-31,39.28419494628906,0.004091299322211972
420,2018-09-04,39.397193908691406,0.00287644846882662
421,2018-09-05,39.46310806274414,0.0016730672292422089
422,2018-09-06,39.20886993408203,-0.006442425372524707
423,2018-09-07,39.31245040893555,0.002641761290943956
424,2018-09-10,38.99230575561523,-0.008143594459010141
425,2018-09-11,38.88872146606445,-0.0026565315270142826
426,2018-09-12,38.21075820922852,-0.017433415943682862
427,2018-09-13,37.57987594604492,-0.016510592638050103
428,2018-09-14,37.7587776184082,0.004760571126422475
429,2018-09-17,37.382137298583984,-0.009974907652746669
430,2018-09-18,37.24088668823242,-0.0037785589738581478
431,2018-09-19,37.4197998046875,0.0048042120466378355
432,2018-09-20,38.20134353637695,0.020885834124413142
433,2018-09-21,38.295501708984375,0.002464786939175623
434,2018-09-24,37.81528091430664,-0.012539874743697887
435,2018-09-25,37.9000244140625,0.002240985593837008
436,2018-09-26,37.382137298583984,-0.013664558888420109
437,2018-09-27,37.69365310668945,0.008333279759187741
438,2018-09-28,38.24117660522461,0.014525615147606532
439,2018-10-01,37.22166061401367,-0.02666016272814287
440,2018-10-02,36.81573486328125,-0.010905632474108251
441,2018-10-03,37.78805923461914,0.026410565345190262
442,2018-10-04,37.976844787597656,0.004995904971101695
443,2018-10-05,37.873008728027344,-0.002734193958214837
444,2018-10-08,38.91140365600586,0.02741780922227255
445,2018-10-09,38.92084503173828,0.00024263775770938525
446,2018-10-10,38.93972778320313,0.00048515779781888035
447,2018-10-11,38.429969787597656,-0.01309094913152842
448,2018-10-12,36.92902374267578,-0.03905665430437755
449,2018-10-15,37.032859802246094,0.002811773749933133
450,2018-10-16,37.53317260742188,0.013509969466237282
451,2018-10-17,37.45765686035156,-0.002011973457724303
452,2018-10-18,37.33493423461914,-0.00327630279144131
453,2018-10-19,37.23109436035156,-0.0027813059376248232
454,2018-10-22,35.673519134521484,-0.0418353328740394
455,2018-10-23,34.852230072021484,-0.023022372965307847
456,2018-10-24,32.907608032226555,-0.05579620115488748
457,2018-10-25,33.5589599609375,0.019793353806605296
458,2018-10-26,33.511764526367195,-0.0014063437789860744
459,2018-10-29,34.125362396240234,0.018309924247356783
460,2018-10-30,34.389678955078125,0.00774545793151815
461,2018-10-31,34.823909759521484,0.012626776917882276
462,2018-11-01,35.26758575439453,0.012740556644468716
463,2018-11-02,35.55078887939453,0.008030125083475781
464,2018-11-05,35.796226501464844,0.006903858671124086
465,2018-11-06,36.34375381469727,0.015295671268870326
466,2018-11-07,36.75910568237305,0.01142842508216102
467,2018-11-08,36.61749649047852,-0.003852356831478332
468,2018-11-09,35.966148376464844,-0.017787893123251797
469,2018-11-12,36.05111312866211,0.002362353380404248
470,2018-11-13,36.67413330078125,0.017281579348067844
471,2018-11-14,35.928382873535156,-0.020334507188754958
472,2018-11-15,36.919578552246094,0.027588096079911528
473,2018-11-16,37.14613342285156,0.006136442491748939
474,2018-11-19,37.30661392211914,0.004320247748015982
475,2018-11-20,36.97621536254883,-0.008856299857715522
476,2018-11-21,36.95733642578125,-0.0005105697428055
477,2018-11-23,37.27830123901367,0.00868473879000975
478,2018-11-26,37.45765686035156,0.004811260582608945
479,2018-11-27,37.21221923828125,-0.006552401902375936
480,2018-11-28,37.81637191772461,0.01623533053954085
481,2018-11-29,37.49541473388672,-0.008487254793669297
482,2018-11-30,37.77861022949219,0.007552803392504749
483,2018-12-03,37.29717254638672,-0.012743657857737456
484,2018-12-04,34.71063995361328,-0.06934929422750613
485,2018-12-06,33.974319458007805,-0.02121310631522444
486,2018-12-07,33.7288818359375,-0.007224210108863759
487,2018-12-10,33.086963653564446,-0.01903170657999997
488,2018-12-11,32.87929153442383,-0.006276554153322733
489,2018-12-12,33.34183883666992,0.01406804346017676
490,2018-12-13,32.68104934692383,-0.01981862767026954
491,2018-12-14,31.85976982116699,-0.025130145517623825
492,2018-12-17,31.51049423217773,-0.010962903716812413
493,2018-12-18,31.29337882995605,-0.006890256960805363
494,2018-12-19,30.14170837402344,-0.03680236839206885
495,2018-12-20,30.339942932128906,0.0065767525730660035
496,2018-12-21,30.103944778442386,-0.007778463994294715
497,2018-12-24,29.358196258544922,-0.024772451762916425
498,2018-12-26,30.79306221008301,0.04887445873383522
499,2018-12-27,30.538183212280273,-0.008277156590138612
500,2018-12-28,30.84119987487793,0.009922550417989616
501,2018-12-31,30.92641830444336,0.00276313599701572
502,2019-01-02,31.05899429321289,0.004286820008202685
503,2019-01-03,30.36773681640625,-0.022256273666842352
504,2019-01-04,31.134748458862305,0.025257451587293644
505,2019-01-07,31.504039764404297,0.011861065973599594
506,2019-01-08,32.015380859375,0.016230969069193968
507,2019-01-09,32.015380859375,0.0
508,2019-01-10,32.02484893798828,0.00029573531093918254
509,2019-01-11,32.422557830810554,0.0124187593700249
510,2019-01-14,32.93389892578125,0.0157711522218269
511,2019-01-15,33.132747650146484,0.006037813039183604
512,2019-01-16,33.805068969726555,0.020291746603064983
513,2019-01-17,33.928165435791016,0.003641361186829562
514,2019-01-18,34.240650177001946,0.009210186793102926
515,2019-01-22,34.013378143310554,-0.006637491768308856
516,2019-01-23,33.738773345947266,-0.008073434993909778
517,2019-01-24,35.02658843994141,0.03817018125671834
518,2019-01-25,36.01137924194336,0.02811552154702479
519,2019-01-28,35.51898956298828,-0.013673169129317264
520,2019-01-29,35.736778259277344,0.006131612947571029
521,2019-01-30,35.24438095092773,-0.013778447088239942
522,2019-01-31,34.818267822265625,-0.012090242959733044
523,2019-02-01,35.07393264770508,0.007342835856870566
524,2019-02-04,35.43376541137695,0.010259264830270398
525,2019-02-05,35.22543716430664,-0.005879370838850262
526,2019-02-06,35.746246337890625,0.01478503080471949
527,2019-02-07,35.7273063659668,-0.0005298450568711477
528,2019-02-08,35.613685607910156,-0.0031802217859019377
529,2019-02-11,35.90722274780273,0.008242256730299545
530,2019-02-12,36.172359466552734,0.007383938340545405
531,2019-02-13,36.219703674316406,0.0013088504167788615
532,2019-02-14,35.75571060180664,-0.012810515422266857
533,2019-02-15,36.49431610107422,0.020656993997212325
534,2019-02-19,36.85414505004883,0.009859862779125095
535,2019-02-20,37.03406143188477,0.00488184928972335
536,2019-02-21,36.91095733642578,-0.003324077638241496
537,2019-02-22,37.1855697631836,0.007439861942752034
538,2019-02-25,37.59274291992188,0.01094976248397872
539,2019-02-26,36.92989349365234,-0.017632377283070433
540,2019-02-27,37.07192993164063,0.003846110144149373
541,2019-02-28,37.10981750488281,0.001022001641458825
542,2019-03-01,37.09086990356445,-0.0005105819050676974
543,2019-03-04,36.74998092651367,-0.009190643895305885
544,2019-03-05,36.65529251098633,-0.0025765568618031365
545,2019-03-06,35.77465057373047,-0.02402496002431065
546,2019-03-07,35.06446075439453,-0.019851761175759264
547,2019-03-08,35.39588928222656,0.009451978461995749
548,2019-03-11,35.75571060180664,0.010165624508288841
549,2019-03-12,35.44322967529297,-0.008739329221942094
550,2019-03-13,35.547393798828125,0.002938900446980641
551,2019-03-14,35.47164535522461,-0.0021309141264249654
552,2019-03-15,35.35800170898437,-0.003203788409084973
553,2019-03-18,35.46217346191406,0.0029462002345914677
554,2019-03-19,34.44896697998047,-0.028571471599781236
555,2019-03-20,33.76718139648437,-0.01979117643476247
556,2019-03-21,33.31266403198242,-0.013460328807581969
557,2019-03-22,31.731304168701172,-0.047470231193849736
558,2019-03-25,32.318397521972656,0.0185020240627416
559,2019-03-26,32.896018981933594,0.01787283727691702
560,2019-03-27,32.659297943115234,-0.007196039099696683
561,2019-03-28,33.010875701904304,0.010765012750777236
562,2019-03-29,33.02987289428711,0.0005754828364552544
563,2019-04-01,33.742542266845696,0.0215765096898648
564,2019-04-02,33.590503692626946,-0.004505842298911157
565,2019-04-03,33.65702438354492,0.001980342168330651
566,2019-04-04,34.189151763916016,0.015810291911344754
567,2019-04-05,34.44571304321289,0.007504172114841889
568,2019-04-08,34.51222610473633,0.0019309532492475245
569,2019-04-09,34.08463287353516,-0.012389616071230014
570,2019-04-10,34.540733337402344,0.013381410489573307
571,2019-04-11,34.711776733398445,0.004951932963475514
572,2019-04-12,34.806793212890625,0.0027372980709672308
573,2019-04-15,34.293670654296875,-0.014742023358926269
574,2019-04-16,34.787792205810554,0.014408534930388628
575,2019-04-17,34.85430908203125,0.0019120752425785261
576,2019-04-18,34.673763275146484,-0.005180013939161565
577,2019-04-22,34.312679290771484,-0.010413752366874474
578,2019-04-23,34.74028778076172,0.012462113097220008
579,2019-04-24,35.50046157836914,0.02188162062458177
580,2019-04-25,35.5479736328125,0.0013383503292900836
581,2019-04-26,36.22262954711914,0.018978744647315082
582,2019-04-29,36.31766128540039,0.002623546094510543
583,2019-04-30,36.0230827331543,-0.008111165251836083
584,2019-05-01,36.18462371826172,0.004484374263692414
585,2019-05-02,36.137107849121094,-0.0013131508430374028
586,2019-05-03,37.2298698425293,0.03023933176862625
587,2019-05-06,37.32489776611328,0.002552464566379697
588,2019-05-07,36.49820327758789,-0.02214860690860176
589,2019-05-08,35.776031494140625,-0.01978650230957324
590,2019-05-09,35.85204696655273,0.0021247597689686426
591,2019-05-10,35.85204696655273,0.0
592,2019-05-13,34.588245391845696,-0.035250471915482584
593,2019-05-14,35.23440170288086,0.01868138449102985
594,2019-05-15,34.95883560180664,-0.007820938848287273
595,2019-05-16,35.00634765625,0.00135908572540977
596,2019-05-17,34.73078155517578,-0.007871889515015384
597,2019-05-20,34.844802856445305,0.003283004187175642
598,2019-05-21,34.806793212890625,-0.001090826764360675
599,2019-05-22,34.59775161743164,-0.006005770028293389
600,2019-05-23,33.98960494995117,-0.01757763551242042
601,2019-05-24,34.53123092651367,0.015935047711205463
602,2019-05-28,34.33168792724609,-0.005778623985117526
603,2019-05-29,34.559738159179695,0.006642558105994567
604,2019-05-30,33.923095703125,-0.01842150693163136
605,2019-05-31,33.64752578735352,-0.00812337170472599
606,2019-06-03,33.980091094970696,0.00988379679739082
607,2019-06-04,34.49321746826172,0.01510079451690971
608,2019-06-05,34.189151763916016,-0.008815231708247717
609,2019-06-06,34.246170043945305,0.001667730174267357
610,2019-06-07,34.09412384033203,-0.004439801689303247
611,2019-06-10,34.388694763183594,0.008639932330599898
612,2019-06-11,34.483718872070305,0.002763236858539964
613,2019-06-12,34.246170043945305,-0.006888724183324646
614,2019-06-13,34.59775161743164,0.010266303444594891
615,2019-06-14,34.388694763183594,-0.006042498268665431
616,2019-06-17,34.189151763916016,-0.005802575545298283
617,2019-06-18,34.51222610473633,0.00944961556961732
618,2019-06-19,34.588245391845696,0.0022026770130292306
619,2019-06-20,34.227161407470696,-0.010439499901898077
620,2019-06-21,34.018104553222656,-0.006107922645387953
621,2019-06-24,34.208160400390625,0.005586902905498903
622,2019-06-25,33.87557983398437,-0.009722258154591046
623,2019-06-26,33.894580841064446,0.000560905737206463
624,2019-06-27,34.41896438598633,0.015471014301099428
625,2019-06-28,34.72406768798828,0.008864395179948303
626,2019-07-01,35.229393005371094,0.014552595678691603
627,2019-07-02,34.600120544433594,-0.01786214314965806
628,2019-07-03,34.79080581665039,0.0055111158347531655
629,2019-07-05,35.000564575195305,0.006029143436641071
630,2019-07-08,34.54291534423828,-0.01307548139613035
631,2019-07-09,34.38083267211914,-0.004692211717045368
632,2019-07-10,34.00899124145508,-0.010815370128182013
633,2019-07-11,33.90411376953125,-0.00308381601733565
634,2019-07-12,34.438034057617195,0.0157479499896489
635,2019-07-15,33.78017044067383,-0.01910282148634601
636,2019-07-16,33.713424682617195,-0.001975885769252006
637,2019-07-17,33.26531219482422,-0.013291811556125466
638,2019-07-18,33.484603881835945,0.006592202884716736
639,2019-07-19,33.54180908203125,0.0017084030737581912
640,2019-07-22,33.284385681152344,-0.0076747023468335404
641,2019-07-23,33.293914794921875,0.00028629381538891613
642,2019-07-24,33.932716369628906,0.019186736634661642
643,2019-07-25,34.73360061645508,0.02360212598667744
644,2019-07-26,35.78237533569336,0.03019481714030592
645,2019-07-29,35.01009750366211,-0.021582631806471908
646,2019-07-30,35.53448486328125,0.014978174784125997
647,2019-07-31,35.21985244750977,-0.008854283859243361
648,2019-08-01,34.49524688720703,-0.020573781828946203
649,2019-08-02,34.06619644165039,-0.01243795839350148
650,2019-08-05,33.055557250976555,-0.02966692194137044
651,2019-08-06,33.627620697021484,0.017306120169189754
652,2019-08-07,33.51320266723633,-0.0034025014976837298
653,2019-08-08,34.504772186279304,0.029587429434560383
654,2019-08-09,34.352230072021484,-0.004420899040697868
655,2019-08-12,34.14247512817383,-0.006106006608825432
656,2019-08-13,34.438034057617195,0.008656634539054629
657,2019-08-14,33.837371826171875,-0.01744182697654495
658,2019-08-15,33.74203109741211,-0.0028176162513313674
659,2019-08-16,34.62872314453125,0.0262785617308956
660,2019-08-19,35.086368560791016,0.013215775076362846
661,2019-08-20,34.10433578491211,-0.02798901157802713
662,2019-08-21,34.352230072021484,0.0072687029787879
663,2019-08-22,34.152008056640625,-0.005828501234449225
664,2019-08-23,33.112762451171875,-0.030430000008935813
665,2019-08-26,33.608551025390625,0.014972733698973116
666,2019-08-27,33.093692779541016,-0.015319263405930372
667,2019-08-28,33.379722595214844,0.008643031092941511
668,2019-08-29,33.54180908203125,0.004855836843882022
669,2019-08-30,33.579952239990234,0.001137182489641564
670,2019-09-03,32.93161392211914,-0.019307303156285927
671,2019-09-04,32.83626937866211,-0.0028952283869996265
672,2019-09-05,33.26531219482422,0.013066125485037938
673,2019-09-06,32.92207717895508,-0.010318105955504751
674,2019-09-09,33.722957611083984,0.02432654621929076
675,2019-09-10,33.999454498291016,0.008199069915390655
676,2019-09-11,34.457107543945305,0.013460599659835593
677,2019-09-12,34.99102783203125,0.015495214953983094
678,2019-09-13,35.420082092285156,0.012261836443145048
679,2019-09-16,35.39147186279297,-0.0008077403496029589
680,2019-09-17,35.21985244750977,-0.004849174285504021
681,2019-09-18,35.448673248291016,0.006496926729669506
682,2019-09-19,34.91475296020508,-0.015061784804927147
683,2019-09-20,35.01963424682617,0.003003924637262401
684,2019-09-23,34.92428207397461,-0.002722820352134448
685,2019-09-24,34.256885528564446,-0.019109814311902614
686,2019-09-25,34.657325744628906,0.011689335147836431
687,2019-09-26,34.571517944335945,-0.0024758921367803444
688,2019-09-27,34.447154998779304,-0.0035972659851638555
689,2019-09-30,34.341934204101555,-0.0030545568910256282
690,2019-10-01,33.892333984375,-0.013091872375460391
691,2019-10-02,33.681873321533196,-0.006209683373792685
692,2019-10-03,33.58622360229492,-0.002839798081454181
693,2019-10-04,33.968860626220696,0.011392677797203321
694,2019-10-07,34.05495834350586,0.002534607157789193
695,2019-10-08,33.232276916503906,-0.024157463905952303
696,2019-10-09,33.28967666625977,0.00172722891964594
697,2019-10-10,33.64360809326172,0.0106318673668786
698,2019-10-11,34.131481170654304,0.014501211524048818
699,2019-10-14,34.25584030151367,0.003643531619315965
700,2019-10-15,34.72456741333008,0.013683129874811241
701,2019-10-16,34.791534423828125,0.001928519647226512
702,2019-10-17,34.896759033203125,0.0030244314060186017
703,2019-10-18,35.14548110961914,0.007127368939315205
704,2019-10-21,35.61421203613281,0.0133368760851984
705,2019-10-22,35.75769805908203,0.004028897868178172
706,2019-10-23,35.60464859008789,-0.004280182374750696
707,2019-10-24,35.50898361206055,-0.0026868676371089033
708,2019-10-25,35.77684020996094,0.007543347363212494
709,2019-10-28,36.27426528930664,0.013903549794406224
710,2019-10-29,36.53254699707031,0.007120246425495801
711,2019-10-30,36.19773864746094,-0.00916465938266564
712,2019-10-31,36.11164093017578,-0.0023785385635186613
713,2019-11-01,36.37948989868164,0.007417247225728785
714,2019-11-04,36.838661193847656,0.012621707903129664
715,2019-11-05,37.21173858642578,0.010127333092127431
716,2019-11-06,36.88648986816406,-0.008740487024176955
717,2019-11-07,36.838661193847656,-0.0012966447739362064
718,2019-11-08,37.13520050048828,0.008049676536294736
719,2019-11-11,36.809959411621094,-0.008758296292567747
720,2019-11-12,36.72386932373047,-0.002338771606019363
721,2019-11-13,36.484718322753906,-0.0065121406153688674
722,2019-11-14,36.609073638916016,0.003408421988132959
723,2019-11-15,36.37948989868164,-0.006271225065643926
724,2019-11-18,36.57081604003906,0.005259176032711643
725,2019-11-19,36.85779190063477,0.007847127618960448
726,2019-11-20,36.72386932373047,-0.003633494303330709
727,2019-11-21,36.79082489013672,0.001823216552047313
728,2019-11-22,36.809959411621094,0.0005200894935493139
729,2019-11-25,37.64219284057617,0.022608920038426742
730,2019-11-26,37.546546936035156,-0.002540922760427389
731,2019-11-27,37.70916366577149,0.004331070178394071
732,2019-11-29,37.403053283691406,-0.00811766563674654
733,2019-12-02,37.30739212036133,-0.0025575763188239176
734,2019-12-03,36.98214721679688,-0.008717974778701731
735,2019-12-04,37.36479187011719,0.010346739768168687
736,2019-12-05,37.69960021972656,0.008960530297430713
737,2019-12-06,38.05354690551758,0.009388605813538842
738,2019-12-09,37.91005325317383,-0.003770835152371643
739,2019-12-10,38.02483749389648,0.003027804787191668
740,2019-12-11,37.99614334106445,-0.0007546160542205582
741,2019-12-12,38.531837463378906,0.014098644631006518
742,2019-12-13,38.522274017333984,-0.0002481959510498566
743,2019-12-16,38.77098846435547,0.00645638019473016
744,2019-12-17,39.02927017211914,0.0066617261512722506
745,2019-12-18,39.14406204223633,0.0029411738833688967
746,2019-12-19,39.297122955322266,0.003910194933800737
747,2019-12-20,39.23015594482422,-0.0017041199319904887
748,2019-12-23,38.83795166015625,-0.009997520408014382
749,2019-12-24,38.90491104125977,0.0017240708698913474
750,2019-12-26,38.64663696289063,-0.0066385983531804795
751,2019-12-27,38.36921691894531,-0.0071783747758363825
752,2019-12-30,38.59983444213867,0.00601048292647044
753,2019-12-31,38.349998474121094,-0.006472462165403425
754,2020-01-02,38.30195617675781,-0.0012527327059921325
755,2020-01-03,37.89837265014648,-0.010536890720381442
756,2020-01-06,37.57166290283203,-0.00862068011021
757,2020-01-07,37.47556686401367,-0.002557673294016349
758,2020-01-08,37.47556686401367,0.0
759,2020-01-09,37.27377700805664,-0.005384571144427475
760,2020-01-10,36.850975036621094,-0.011343148062085584
761,2020-01-13,37.120033264160156,0.007301251249707263
762,2020-01-14,36.8221549987793,-0.008024730561555393
763,2020-01-15,36.49544143676758,-0.008872744194970417
764,2020-01-16,36.918235778808594,0.011584853488443292
765,2020-01-17,36.8894157409668,-0.0007806450452959579
766,2020-01-21,36.31287002563477,-0.015629028103357867
767,2020-01-22,35.92850112915039,-0.010584921990826944
768,2020-01-23,34.621658325195305,-0.03637342953042888
769,2020-01-24,35.05406951904297,0.012489615309183131
770,2020-01-27,34.515953063964844,-0.01535104090513073
771,2020-01-28,34.708141326904304,0.005568099556263029
772,2020-01-29,34.266124725341804,-0.012735242645213862
773,2020-01-30,34.698535919189446,0.012619203289359726
774,2020-01-31,34.09316253662109,-0.017446654924525684
775,2020-02-03,34.37182235717773,0.008173481127112138
776,2020-02-04,34.87149810791016,0.014537365681109637
777,2020-02-05,35.56334686279297,0.019839949311666327
778,2020-02-06,35.64983367919922,0.0024319088059940874
779,2020-02-07,35.52492141723633,-0.0035038666123082818
780,2020-02-10,35.43844223022461,-0.0024343245125311164
781,2020-02-11,35.79397201538086,0.010032319785575394
782,2020-02-12,35.861236572265625,0.0018792146581514397
783,2020-02-13,35.92850112915039,0.0018756898343206265
784,2020-02-14,35.409603118896484,-0.0144425176098677
785,2020-02-18,35.082897186279304,-0.009226478238690938
786,2020-02-19,35.130943298339844,0.0013695024047024607
787,2020-02-20,35.22703170776367,0.002735150280703369
788,2020-02-21,35.22703170776367,0.0
789,2020-02-24,34.43909454345703,-0.022367401569431292
790,2020-02-25,33.49739456176758,-0.02734392393798757
791,2020-02-26,33.007328033447266,-0.014629989428480927
792,2020-02-27,31.95993232727051,-0.03173221731596687
793,2020-02-28,30.84527587890625,-0.03487668362217266
794,2020-03-02,32.209774017333984,0.04423685960159807
795,2020-03-03,30.95097732543945,-0.03908120222194367
796,2020-03-04,31.018238067626953,0.0021731379103244737
797,2020-03-05,29.48078346252441,-0.049566148849284564
798,2020-03-06,28.53908729553223,-0.03194271170538099
799,2020-03-09,25.28159523010254,-0.11414142406508032
800,2020-03-10,26.30976867675781,0.04066885168033352
801,2020-03-11,24.69544219970703,-0.0613584443437879
802,2020-03-12,22.70635414123535,-0.08054474353552077
803,2020-03-13,23.965147018432607,0.055437912637469784
804,2020-03-16,21.99527740478516,-0.08219726806317262
805,2020-03-17,24.080455780029297,0.09480118558497908
806,2020-03-18,18.55521011352539,-0.2294493807333237
807,2020-03-19,20.64038848876953,0.11237697457945783
808,2020-03-20,20.111888885498047,-0.02560511899080975
809,2020-03-23,19.785179138183594,-0.016244607812547662
810,2020-03-24,20.92866325378418,0.05779498419570861
811,2020-03-25,19.717914581298828,-0.057851218580165724
812,2020-03-26,21.24576568603516,0.0774854307455719
813,2020-03-27,20.256027221679688,-0.04658521038881769
814,2020-03-30,21.700115203857425,0.07129176745142574
815,2020-03-31,22.36885643005371,0.0308174044199272
816,2020-04-01,21.00229835510254,-0.061091995436795325
817,2020-04-02,21.01199150085449,0.00046152785700215293
818,2020-04-03,20.29479217529297,-0.034132858160177415
819,2020-04-06,21.864877700805664,0.07736396174700078
820,2020-04-07,21.9133358001709,0.002216252934424068
821,2020-04-08,22.67899513244629,0.034940336754635926
822,2020-04-09,25.208576202392567,0.1115384987374184
823,2020-04-13,23.657873153686523,-0.061514900177458864
824,2020-04-14,23.28958511352539,-0.015567250604847538
825,2020-04-15,21.351207733154297,-0.08322936501111755
826,2020-04-16,20.023418426513672,-0.062188018740449325
827,2020-04-17,22.649921417236328,0.1311715579615924
828,2020-04-20,22.17501640319824,-0.020967181531883483
829,2020-04-21,21.942413330078125,-0.01048942056640667
830,2020-04-22,21.777650833129886,-0.007508859416224145
831,2020-04-23,21.990873336791992,0.00979088632175773
832,2020-04-24,22.37854766845703,0.017628873839059308
833,2020-04-27,24.152158737182607,0.07925496752523897
834,2020-04-28,24.61737060546875,0.019261709619767583
835,2020-04-29,27.86414909362793,0.13188973510590565
836,2020-04-30,25.77070426940918,-0.07513040564003748
837,2020-05-01,24.49137687683105,-0.0496427020078275
838,2020-05-04,24.51076316833496,0.0007915558035551662
839,2020-05-05,23.3574275970459,-0.04705424973380823
840,2020-05-06,22.010255813598643,-0.05767637629828881
841,2020-05-07,22.23316764831543,0.01012763489005275
842,2020-05-08,23.83232688903809,0.07192673873638622
843,2020-05-11,22.21378517150879,-0.06791370918438366
844,2020-05-12,21.00229835510254,-0.05453761288553794
845,2020-05-13,19.97496032714844,-0.04891550489303975
846,2020-05-14,19.887733459472656,-0.004366810559179535
847,2020-05-15,20.60493469238281,0.03606249220765512
848,2020-05-18,22.940675735473643,0.11335833274707285
849,2020-05-19,21.37059211730957,-0.06844103618692543
850,2020-05-20,22.436697006225586,0.04988653955228983
851,2020-05-21,22.21378517150879,-0.009935144850195421
852,2020-05-22,22.019947052001953,-0.00872602836528058
853,2020-05-26,24.20062065124512,0.09903173672912667
854,2020-05-27,26.42975425720215,0.09211059658680032
855,2020-05-28,24.927509307861328,-0.05683915691086894
856,2020-05-29,24.63675308227539,-0.011664070485142395
857,2020-06-01,24.103702545166016,-0.02163639564553133
858,2020-06-02,23.725717544555664,-0.015681615714518315
859,2020-06-03,25.79978370666504,0.08741847989273177
860,2020-06-04,25.722248077392567,-0.003005282143215826
861,2020-06-05,27.77692222595215,0.07987926025662763
862,2020-06-08,28.028913497924805,0.009071965206325805
863,2020-06-09,28.14521598815918,0.00414937561682449
864,2020-06-10,25.69317054748535,-0.08712121597167401
865,2020-06-11,23.54157257080078,-0.08374201902050392
866,2020-06-12,24.307233810424805,0.032523793273423474
867,2020-06-15,24.229694366455078,-0.003189974004218943
868,2020-06-16,25.41210556030273,0.048800087032242916
869,2020-06-17,23.90017318725586,-0.0594965407120267
870,2020-06-18,22.9891357421875,-0.038118445332193114
871,2020-06-19,22.494848251342773,-0.02150091662374487
872,2020-06-22,22.97944450378418,0.021542543742764764
873,2020-06-23,23.115129470825195,0.005904623456788549
874,2020-06-24,21.855186462402344,-0.05450728753274303
875,2020-06-25,22.950366973876953,0.05011078323942275
876,2020-06-26,22.029640197753906,-0.04011817227894676
877,2020-06-29,23.778335571289066,0.07937920718802549
878,2020-06-30,24.50126075744629,0.030402682474971462
879,2020-07-01,22.56694793701172,-0.07894748109428229
880,2020-07-02,22.42041015625,-0.006493469173178945
881,2020-07-06,22.56694793701172,0.006535909902650515
882,2020-07-07,21.570486068725586,-0.04415581012848668
883,2020-07-08,21.24810028076172,-0.014945689537858131
884,2020-07-09,20.271175384521484,-0.045977046575065066
885,2020-07-10,21.39463996887207,0.05542177811792959
886,2020-07-13,21.814716339111328,0.019634654794399083
887,2020-07-14,21.4141788482666,-0.018360884671537403
888,2020-07-15,22.91864013671875,0.07025538075086768
889,2020-07-16,22.781871795654297,-0.0059675591679339
890,2020-07-17,22.14687156677246,-0.027873049000432196
891,2020-07-20,21.355562210083008,-0.035730073852808915
892,2020-07-21,22.430177688598643,0.05032016801731665
893,2020-07-22,21.804946899414066,-0.027874535719901398
894,2020-07-23,22.03940773010254,0.010752643965153295
895,2020-07-24,22.410640716552734,0.01684405456790694
896,2020-07-27,21.326255798339844,-0.048387055592388865
897,2020-07-28,21.121103286743164,-0.00961971541261597
898,2020-07-29,20.779178619384766,-0.01618876924734369
899,2020-07-30,20.749868392944336,-0.0014105575093852352
900,2020-07-31,20.183252334594727,-0.02730697118745473
901,2020-08-03,20.23209953308105,0.002420184699499561
902,2020-08-04,19.987869262695312,-0.0120714249149676
903,2020-08-05,20.310253143310547,0.016128976849819617
904,2020-08-06,20.310253143310547,0.0
905,2020-08-07,21.33602333068848,0.05050504196772088
906,2020-08-10,22.4399471282959,0.05173990394074979
907,2020-08-11,22.29340934753418,-0.006530219519855329
908,2020-08-12,22.088254928588867,-0.00920246947190262
909,2020-08-13,21.443485260009766,-0.02919061151112368
910,2020-08-14,21.570486068725586,0.005922582414933597
911,2020-08-17,21.296947479248047,-0.01268115093030442
912,2020-08-18,20.87687110900879,-0.019724722082757884
913,2020-08-19,20.847564697265625,-0.0014037741379031574
914,2020-08-20,20.427486419677734,-0.020149992753973226
915,2020-08-21,19.89017677307129,-0.026303267840572686
916,2020-08-24,20.798715591430664,0.04567776489495157
917,2020-08-25,20.974559783935547,0.008454569789748678
918,2020-08-26,20.183252334594727,-0.03772701107876808
919,2020-08-27,20.574020385742188,0.019361005088246896
920,2020-08-28,20.476327896118164,-0.004748342219575319
921,2020-08-31,19.978099822998047,-0.024331905390837627
922,2020-09-01,20.026945114135746,0.002444941789782717
923,2020-09-02,20.339563369750977,0.015609882277780597
924,2020-09-03,20.398174285888672,0.002881621157357905
925,2020-09-04,20.90617561340332,0.024904254684502858
926,2020-09-08,20.163715362548828,-0.03551392012504129
927,2020-09-09,20.09532928466797,-0.003391541521552965
928,2020-09-10,19.95856094360352,-0.006805976609141617
929,2020-09-11,19.899948120117188,-0.0029367259318922034
930,2020-09-14,20.28094482421875,0.01914561293335271
931,2020-09-15,20.41771697998047,0.00674387494996731
932,2020-09-16,20.779178619384766,0.017703332833867158
933,2020-09-17,20.554485321044922,-0.010813386922341016
934,2020-09-18,20.730329513549805,0.008555027759553857
935,2020-09-21,19.743635177612305,-0.04759665471272778
936,2020-09-22,19.83156013488769,0.004453331743846657
937,2020-09-23,19.42125129699707,-0.020689690326925247
938,2020-09-24,19.96833038330078,0.028169095695100843
939,2020-09-25,19.899948120117188,-0.0034245358460605053
940,2020-09-28,20.808483123779297,0.045655144333952125
941,2020-09-29,20.650842666625977,-0.00757577840804613
942,2020-09-30,20.621286392211914,-0.0014312381771146574
943,2020-10-01,20.788780212402344,0.0081223749578343
944,2020-10-02,21.439044952392575,0.031279600503077536
945,2020-10-05,21.823291778564453,0.01792275854755343
946,2020-10-06,21.9021110534668,0.003611704215024325
947,2020-10-07,22.51296806335449,0.02789032565840266
948,2020-10-08,22.72972297668457,0.009628002523705659
949,2020-10-09,22.473556518554688,-0.011270109116272577
950,2020-10-12,22.887361526489247,0.018412973825167045
951,2020-10-13,22.11886978149414,-0.03357712264498791
952,2020-10-14,21.665651321411133,-0.020490127414294682
953,2020-10-15,22.355329513549805,0.031832792926797186
954,2020-10-16,22.4834098815918,0.0057292990454185224
955,2020-10-19,22.335622787475586,-0.006573161940049643
956,2020-10-20,22.60163879394531,0.011909943546274835
957,2020-10-21,23.2716121673584,0.029642690050978308
958,2020-10-22,24.138629913330078,0.03725645390342969
959,2020-10-23,23.97113800048828,-0.00693874977342035
960,2020-10-26,23.734678268432607,-0.009864351540208816
961,2020-10-27,22.769132614135746,-0.04068079808695146
962,2020-10-28,22.995738983154297,0.009952349650678816
963,2020-10-29,23.577037811279297,0.025278545236177674
964,2020-10-30,23.734678268432607,0.006686185873523654
965,2020-11-02,24.266712188720703,0.022415889285329227
966,2020-11-03,24.936681747436523,0.02760858387018028
967,2020-11-04,23.222347259521484,-0.06874749837521077
968,2020-11-05,24.05981063842773,0.036062822140551454
969,2020-11-06,26.98600196838379,0.1216215444889004
970,2020-11-09,30.927003860473643,0.14603874618800686
971,2020-11-10,31.92210960388184,0.032175950437927536
972,2020-11-11,30.739809036254893,-0.03703704367593474
973,2020-11-12,30.68069076538086,-0.0019231827629218048
974,2020-11-13,31.025529861450195,0.011239613172544294
975,2020-11-16,33.015731811523445,0.06414723484049545
976,2020-11-17,33.37042617797852,0.010743192623441368
977,2020-11-18,32.867942810058594,-0.015057744999718459
978,2020-11-19,33.064998626708984,0.005995380294689046
979,2020-11-20,32.29650115966797,-0.023242023255983013
980,2020-11-23,32.818687438964844,0.016168509298121192
981,2020-11-24,33.80393218994141,0.030020845678514707
982,2020-11-25,32.749717712402344,-0.031186149339536232
983,2020-11-27,32.48370361328125,-0.0081226379249173
984,2020-11-30,30.917150497436523,-0.04822581607363974
985,2020-12-01,31.21272850036621,0.0095603248738656
986,2020-12-02,31.99107360839844,0.024936785261278738
987,2020-12-03,32.55266571044922,0.017554650054112164
988,2020-12-04,33.04529190063477,0.015133205819989781
989,2020-12-07,32.90735626220703,-0.0041741389013147945
990,2020-12-08,33.153675079345696,0.0074852204831037375
991,2020-12-09,33.51821136474609,0.01099535072742186
992,2020-12-10,33.45909881591797,-0.0017635949658785235
993,2020-12-11,32.848243713378906,-0.018256770927986055
994,2020-12-14,32.90735626220703,0.0017995649735162988
995,2020-12-15,33.380279541015625,0.01437135438776438
996,2020-12-16,33.29160690307617,-0.0026564378476967576
997,2020-12-17,33.14381790161133,-0.004439227036865835
998,2020-12-18,32.798980712890625,-0.01040426874611622
999,2020-12-21,32.473846435546875,-0.009912938459577414
1000,2020-12-22,32.129013061523445,-0.010618802879044377
1001,2020-12-23,32.95662307739258,0.025758961667585508
1002,2020-12-24,33.015731811523445,0.0017935312726689023
1003,2020-12-28,33.597030639648445,0.0176067224995482
1004,2020-12-29,32.749717712402344,-0.025219875420959714
1005,2020-12-30,33.28464508056641,0.016333800885297126
1006,2020-12-31,33.51249313354492,0.006845440365279343
1007,2021-01-04,32.819061279296875,-0.02069174177775346
1008,2021-01-05,33.22521209716797,0.012375455056885087
1009,2021-01-06,35.939491271972656,0.08169335885250972
1010,2021-01-07,36.177242279052734,0.0066153136470656895
1011,2021-01-08,35.85033798217773,-0.009036186184492312
1012,2021-01-11,36.395179748535156,0.015197674471807863
1013,2021-01-12,36.79142379760742,0.01088726726478706
1014,2021-01-13,36.097991943359375,-0.018847649334330474
1015,2021-01-14,36.71217727661133,0.017014390557116288
1016,2021-01-15,36.18714904785156,-0.014301201064809919
1017,2021-01-19,36.53386688232422,0.009581242059554906
1018,2021-01-20,36.54376983642578,0.00027106230319007274
1019,2021-01-21,35.404563903808594,-0.03117373871706197
1020,2021-01-22,36.19705581665039,0.022383891381770216
1021,2021-01-25,35.919681549072266,-0.007662895816254013
1022,2021-01-26,35.33522033691406,-0.016271336129740743
1023,2021-01-27,34.07714080810547,-0.03560412293493753
1024,2021-01-28,34.681411743164055,0.017732442356632742
1025,2021-01-29,33.740333557128906,-0.027134944592347558
1026,2021-02-01,33.65117645263672,-0.0026424488169694005
1027,2021-02-02,34.453575134277344,0.02384459523339344
1028,2021-02-03,34.66160202026367,0.006037889687081188
1029,2021-02-04,36.0484619140625,0.04001141935067088
1030,2021-02-05,36.12771224975586,0.0021984387539830674
1031,2021-02-08,37.1084213256836,0.02714561799950044
1032,2021-02-09,37.87119674682617,0.02055531854745429
1033,2021-02-10,37.52447891235352,-0.009155185583135994
1034,2021-02-11,37.09851455688477,-0.011351639458170304
1035,2021-02-12,36.8409538269043,-0.006942615710004985
1036,2021-02-16,37.76222610473633,0.02500674336936526
1037,2021-02-17,38.17828750610352,0.011017925696785502
1038,2021-02-18,37.76222610473633,-0.010897853951691294
1039,2021-02-19,38.723121643066406,0.02544594525929078
1040,2021-02-22,39.65430068969727,0.02404710692526524
1041,2021-02-23,40.43688583374024,0.01973518963723131
1042,2021-02-24,41.2987174987793,0.021313007845919385
1043,2021-02-25,40.54585647583008,-0.018229646549471457
1044,2021-02-26,39.89204788208008,-0.016125164211039492
1045,2021-03-01,40.635009765625,0.018624310432522773
1046,2021-03-02,40.100074768066406,-0.013164387080106477
1047,2021-03-03,40.99163055419922,0.022233269920055143
1048,2021-03-04,40.625099182128906,-0.008941614839782619
1049,2021-03-05,42.32896041870117,0.04194109727421425
1050,2021-03-08,45.201744079589844,0.06786804193800755
1051,2021-03-09,44.884742736816406,-0.007013033439932537
1052,2021-03-10,46.23197937011719,0.030015469648569937
1053,2021-03-11,46.86597442626953,0.013713344416357298
1054,2021-03-12,47.61883926391602,0.01606420962890498
1055,2021-03-15,46.01404571533203,-0.03370081197674324
1056,2021-03-16,45.46920776367188,-0.011840687841943144
1057,2021-03-17,45.59798431396485,0.002832170530929101
1058,2021-03-18,46.15272903442383,0.012165992177182394
1059,2021-03-19,46.04376220703125,-0.002361005073206024
1060,2021-03-22,44.260658264160156,-0.038726286849748326
1061,2021-03-23,42.61623764038086,-0.03715309912394271
1062,2021-03-24,42.77473449707031,0.003719165873508956
1063,2021-03-25,43.735633850097656,0.022464180416903682
1064,2021-03-26,44.765869140625,0.02355597026576639
1065,2021-03-29,43.081825256347656,-0.037618925234919054
1066,2021-03-30,43.89788436889648,0.0189420737792112
1067,2021-03-31,43.29081344604492,-0.013829161281441849
1068,2021-04-01,43.53961181640625,0.0057471401102549
1069,2021-04-05,44.00735473632813,0.010742928115533346
1070,2021-04-06,43.49980545043945,-0.011533283218900127
1071,2021-04-07,42.81312561035156,-0.01578581405082935
1072,2021-04-08,42.71360397338867,-0.002324559011847249
1073,2021-04-09,43.231101989746094,0.012115531545402458
1074,2021-04-12,43.30076599121094,0.0016114324701084206
1075,2021-04-13,41.96720886230469,-0.030797541299314
1076,2021-04-14,42.703651428222656,0.017548047294120742
1077,2021-04-15,42.75341033935547,0.0011652144364386885
1078,2021-04-16,42.99225997924805,0.0055866804074038426
1079,2021-04-19,42.484710693359375,-0.011805596777970329
1080,2021-04-20,41.02178192138672,-0.034434241121037434
1081,2021-04-21,41.70846176147461,0.016739395704550963
1082,2021-04-22,40.84264755249024,-0.020758718313224955
1083,2021-04-23,42.7733154296875,0.0472708796538226
1084,2021-04-26,42.952449798583984,0.004187993544502167
1085,2021-04-27,42.91264343261719,-0.0009267542632250825
1086,2021-04-28,42.52451705932617,-0.009044569204888608
1087,2021-04-29,42.74346160888672,0.005148666338881558
1088,2021-04-30,42.19610595703125,-0.012805599529207791
1089,2021-05-03,43.36047744750977,0.027594287768265117
1090,2021-05-04,43.659034729003906,0.00688547034233089
1091,2021-05-05,43.987449645996094,0.007522267018285954
1092,2021-05-06,44.84331512451172,0.019457037982503863
1093,2021-05-07,45.23143768310547,0.008655081755577054
1094,2021-05-10,43.8879280090332,-0.029703006203008364
1095,2021-05-11,43.37043380737305,-0.01179126527808838
1096,2021-05-12,42.44490432739258,-0.021340101971106584
1097,2021-05-13,44.34571838378906,0.044783092022892435
1098,2021-05-14,44.76369857788086,0.009425491554210463
1099,2021-05-17,45.2115364074707,0.010004486756398869
1100,2021-05-18,43.99739837646485,-0.02685460675486417
1101,2021-05-19,43.987449645996094,-0.00022612088068552086
1102,2021-05-20,44.01730346679688,0.0006786895135100224
1103,2021-05-21,45.17172622680664,0.02622656703358861
1104,2021-05-24,44.047157287597656,-0.024895416517016437
1105,2021-05-25,42.38519287109375,-0.03773147959702417
1106,2021-05-26,43.241058349609375,0.02019255830965716
1107,2021-05-27,43.96754455566406,0.016800842388753567
1108,2021-05-28,44.15663146972656,0.0043006020912337295
1109,2021-06-01,45.19163131713867,0.02343928449618482
1110,2021-06-02,42.78326797485352,-0.05329224177335224
1111,2021-06-03,42.83302688598633,0.0011630460572120693
1112,2021-06-04,42.71360397338867,-0.002788103509834605
1113,2021-06-07,42.315528869628906,-0.009319632780408149
1114,2021-06-08,41.41985321044922,-0.021166594938212824
1115,2021-06-09,40.61375427246094,-0.01946165607812733
1116,2021-06-10,41.44971466064453,0.020583184272389143
1117,2021-06-11,42.15629959106445,0.017046798420805587
1118,2021-06-14,41.56913375854492,-0.01392830580993376
1119,2021-06-15,41.84778594970703,0.006703343706430554
1120,2021-06-16,43.49980545043945,0.03947686749109813
1121,2021-06-17,42.68374633789063,-0.01876006350140069
1122,2021-06-18,41.46961212158203,-0.028444884071265438
1123,2021-06-21,43.09177780151367,0.03911697257200575
1124,2021-06-22,42.88278579711914,-0.004849927644136054
1125,2021-06-23,42.85293197631836,-0.0006961726073959618
1126,2021-06-24,43.18134307861328,0.007663678706428145
1127,2021-06-25,43.32067108154297,0.003226578725817664
1128,2021-06-28,41.38999938964844,-0.044566984852575486
1129,2021-06-29,40.7599983215332,-0.015221093921368722
1130,2021-06-30,40.90999984741211,0.0036801160955803884
1131,2021-07-01,41.150001525878906,0.005866577349351365
1132,2021-07-02,40.77000045776367,-0.009234533512137431
1133,2021-07-06,39.54999923706055,-0.02992399330402273
1134,2021-07-07,39.0099983215332,-0.013653626446124778
1135,2021-07-08,37.90999984741211,-0.028197860073065018
1136,2021-07-09,39.540000915527344,0.04299659917372711
1137,2021-07-12,39.900001525878906,0.00910471932260859
1138,2021-07-13,39.33000183105469,-0.014285706090876203
1139,2021-07-14,39.599998474121094,0.006864902885746149
1140,2021-07-15,40.06999969482422,0.01186871815185242
1141,2021-07-16,39.40999984741211,-0.01647117176038715
1142,2021-07-19,37.86999893188477,-0.03907639993630863
1143,2021-07-20,38.63999938964844,0.02033272985163359
1144,2021-07-21,39.310001373291016,0.017339596123856715
1145,2021-07-22,38.09000015258789,-0.031035389928326218
1146,2021-07-23,38.290000915527344,0.005250741983151785
1147,2021-07-26,38.68999862670898,0.010446531773767198
1148,2021-07-27,38.790000915527344,0.0025847064452808603
1149,2021-07-28,39.810001373291016,0.02629544814873608
1150,2021-07-29,39.9900016784668,0.004521484525658481
1151,2021-07-30,40.0,0.00025002053297207283
1152,2021-08-02,40.060001373291016,0.0015000343322753018
1153,2021-08-03,40.27000045776367,0.005242113761200873
1154,2021-08-04,40.060001373291016,-0.005214777305327045
1155,2021-08-05,40.75,0.017224128883056578
1156,2021-08-06,42.02000045776367,0.03116565540524352
1157,2021-08-09,41.709999084472656,-0.0073774719160846205
1158,2021-08-10,42.2599983215332,0.013186268260199752
1159,2021-08-11,43.040000915527344,0.018457232015475444
1160,2021-08-12,42.81999969482422,-0.005111552416899645
1161,2021-08-13,42.36999893188477,-0.010509125785767792
1162,2021-08-16,42.27999877929688,-0.00212414809668926
1163,2021-08-17,41.63000106811523,-0.01537364545762332
1164,2021-08-18,41.400001525878906,-0.005524850740695309
1165,2021-08-19,40.79999923706055,-0.014492808374494848
