,Date,Adj Close,daily_return
0,2017-01-03,9.829000473022461,
1,2017-01-04,9.829000473022461,0.0
2,2017-01-05,9.829000473022461,0.0
3,2017-01-06,9.829000473022461,0.0
4,2017-01-09,9.829000473022461,0.0
5,2017-01-10,10.0,0.017397448239714564
6,2017-01-11,9.800000190734863,-0.019999980926513672
7,2017-01-12,9.800000190734863,0.0
8,2017-01-13,9.800000190734863,0.0
9,2017-01-17,9.800000190734863,0.0
10,2017-01-18,9.800000190734863,0.0
11,2017-01-19,9.800000190734863,0.0
12,2017-01-20,9.800000190734863,0.0
13,2017-01-23,9.800000190734863,0.0
14,2017-01-24,9.800000190734863,0.0
15,2017-01-25,9.800000190734863,0.0
16,2017-01-26,9.800000190734863,0.0
17,2017-01-27,9.800000190734863,0.0
18,2017-01-30,9.800000190734863,0.0
19,2017-01-31,9.800000190734863,0.0
20,2017-02-01,9.800000190734863,0.0
21,2017-02-02,9.854999542236328,0.005612178615410857
22,2017-02-03,9.854999542236328,0.0
23,2017-02-06,9.854999542236328,0.0
24,2017-02-07,9.854999542236328,0.0
25,2017-02-08,9.854999542236328,0.0
26,2017-02-09,9.899999618530273,0.0045662179994108145
27,2017-02-10,9.899999618530273,0.0
28,2017-02-13,9.899999618530273,0.0
29,2017-02-14,9.899999618530273,0.0
30,2017-02-15,9.899999618530273,0.0
31,2017-02-16,9.899999618530273,0.0
32,2017-02-17,9.899999618530273,0.0
33,2017-02-21,9.899999618530273,0.0
34,2017-02-22,9.899999618530273,0.0
35,2017-02-23,9.899999618530273,0.0
36,2017-02-24,9.899999618530273,0.0
37,2017-02-27,9.899999618530273,0.0
38,2017-02-28,9.899999618530273,0.0
39,2017-03-01,9.899999618530273,0.0
40,2017-03-02,9.899999618530273,0.0
41,2017-03-03,9.899999618530273,0.0
42,2017-03-06,9.899999618530273,0.0
43,2017-03-07,9.899999618530273,0.0
44,2017-03-08,9.899999618530273,0.0
45,2017-03-09,9.899999618530273,0.0
46,2017-03-10,9.899999618530273,0.0
47,2017-03-13,10.350000381469727,0.045454624270607764
48,2017-03-14,10.350000381469727,0.0
49,2017-03-15,10.350000381469727,0.0
50,2017-03-16,10.350000381469727,0.0
51,2017-03-17,10.350000381469727,0.0
52,2017-03-20,9.899999618530273,-0.04347833298104209
53,2017-03-21,9.920000076293944,0.0020202483368014783
54,2017-03-22,9.920000076293944,0.0
55,2017-03-23,9.920000076293944,0.0
56,2017-03-24,9.920000076293944,0.0
57,2017-03-27,9.920000076293944,0.0
58,2017-03-28,9.920000076293944,0.0
59,2017-03-29,9.920000076293944,0.0
60,2017-03-30,9.920000076293944,0.0
61,2017-03-31,10.041999816894533,0.012298360853054248
62,2017-04-03,10.041999816894533,0.0
63,2017-04-04,10.041999816894533,0.0
64,2017-04-05,10.041999816894533,0.0
65,2017-04-06,9.949999809265137,-0.009161522536040743
66,2017-04-07,9.949999809265137,0.0
67,2017-04-10,9.949999809265137,0.0
68,2017-04-11,9.94499969482422,-0.0005025240740467174
69,2017-04-12,9.949999809265137,0.0005027767314582653
70,2017-04-13,9.949999809265137,0.0
71,2017-04-17,9.949999809265137,0.0
72,2017-04-18,9.949999809265137,0.0
73,2017-04-19,9.949999809265137,0.0
74,2017-04-20,9.949999809265137,0.0
75,2017-04-21,9.949999809265137,0.0
76,2017-04-24,9.949999809265137,0.0
77,2017-04-25,9.949999809265137,0.0
78,2017-04-26,9.949999809265137,0.0
79,2017-04-27,9.949999809265137,0.0
80,2017-04-28,9.899999618530273,-0.005025144893802347
81,2017-05-01,9.81999969482422,-0.00808080068572059
82,2017-05-02,9.899999618530273,0.008146631995133102
83,2017-05-03,9.892999649047852,-0.0007070676517320075
84,2017-05-04,9.859999656677246,-0.003335691250507811
85,2017-05-05,9.859999656677246,0.0
86,2017-05-08,9.859999656677246,0.0
87,2017-05-09,9.859999656677246,0.0
88,2017-05-10,9.949999809265137,0.00912780483992637
89,2017-05-11,9.899999618530273,-0.005025144893802347
90,2017-05-12,10.489999771118164,0.059595977305247676
91,2017-05-15,10.489999771118164,0.0
92,2017-05-16,9.890000343322754,-0.05719727749159465
93,2017-05-17,9.890000343322754,0.0
94,2017-05-18,9.890000343322754,0.0
95,2017-05-19,9.890000343322754,0.0
96,2017-05-22,9.890000343322754,0.0
97,2017-05-23,9.899999618530273,0.0010110490253187887
98,2017-05-24,9.899999618530273,0.0
99,2017-05-25,9.9399995803833,0.004040400342860462
100,2017-05-26,9.949999809265137,0.001006059286116301
101,2017-05-30,9.9399995803833,-0.0010050481480938787
102,2017-05-31,9.9399995803833,0.0
103,2017-06-01,9.960000038146973,0.00201211857223238
104,2017-06-02,9.989999771118164,0.00301202137111356
105,2017-06-05,9.949999809265137,-0.004004000277224251
106,2017-06-06,9.949999809265137,0.0
107,2017-06-07,9.949999809265137,0.0
108,2017-06-08,9.949999809265137,0.0
109,2017-06-09,9.949999809265137,0.0
110,2017-06-12,9.949999809265137,0.0
111,2017-06-13,10.020000457763672,0.007035241189990105
112,2017-06-14,10.020000457763672,0.0
113,2017-06-15,10.020000457763672,0.0
114,2017-06-16,10.25,0.02295404508271459
115,2017-06-19,10.25,0.0
116,2017-06-20,10.25,0.0
117,2017-06-21,10.25,0.0
118,2017-06-22,10.149999618530273,-0.009756134777534342
119,2017-06-23,10.100000381469727,-0.004926033393071849
120,2017-06-26,10.100000381469727,0.0
121,2017-06-27,10.100000381469727,0.0
122,2017-06-28,10.100000381469727,0.0
123,2017-06-29,10.119999885559082,0.001980148844949348
124,2017-06-30,10.100000381469727,-0.0019762356043001588
125,2017-07-03,10.100000381469727,0.0
126,2017-07-05,10.199999809265137,0.009900933071139041
127,2017-07-06,10.199999809265137,0.0
128,2017-07-07,10.199999809265137,0.0
129,2017-07-10,10.199999809265137,0.0
130,2017-07-11,10.0600004196167,-0.013725430614348609
131,2017-07-12,10.0600004196167,0.0
132,2017-07-13,10.010000228881836,-0.004970197678855426
133,2017-07-14,10.0,-0.0009990238414763206
134,2017-07-17,10.0,0.0
135,2017-07-18,10.0,0.0
136,2017-07-19,10.0,0.0
137,2017-07-20,10.0,0.0
138,2017-07-21,10.149999618530273,0.01499996185302743
139,2017-07-24,10.149999618530273,0.0
140,2017-07-25,10.050000190734863,-0.009852160744208029
141,2017-07-26,10.050000190734863,0.0
142,2017-07-27,10.0,-0.004975143262281545
143,2017-07-28,10.0,0.0
144,2017-07-31,10.0,0.0
145,2017-08-01,10.149999618530273,0.01499996185302743
146,2017-08-02,10.0,-0.014778288095344094
147,2017-08-03,10.029999732971193,0.0029999732971193183
148,2017-08-04,10.0,-0.002991000375860087
149,2017-08-07,10.039999961853027,0.003999996185302779
150,2017-08-08,10.050000190734863,0.000996038737035132
151,2017-08-09,10.020000457763672,-0.002985048000182955
152,2017-08-10,10.01099967956543,-0.000898281216271668
153,2017-08-11,9.979999542236328,-0.003096607563816023
154,2017-08-14,10.0,0.0020040539760575182
155,2017-08-15,10.0,0.0
156,2017-08-16,10.0,0.0
157,2017-08-17,10.020000457763672,0.002000045776367143
158,2017-08-18,10.020000457763672,0.0
159,2017-08-21,10.020000457763672,0.0
160,2017-08-22,10.008000373840332,-0.0011976131112890751
161,2017-08-23,10.008000373840332,0.0
162,2017-08-24,10.008000373840332,0.0
163,2017-08-25,10.008000373840332,0.0
164,2017-08-28,10.008000373840332,0.0
165,2017-08-29,9.979999542236328,-0.002797844779981684
166,2017-08-30,9.979999542236328,0.0
167,2017-08-31,9.979999542236328,0.0
168,2017-09-01,10.079999923706056,0.010020078763181894
169,2017-09-05,10.079999923706056,0.0
170,2017-09-06,10.079999923706056,0.0
171,2017-09-07,10.010000228881836,-0.0069444142216307245
172,2017-09-08,10.0,-0.0009990238414763206
173,2017-09-11,10.0,0.0
174,2017-09-12,10.0,0.0
175,2017-09-13,10.0,0.0
176,2017-09-14,10.0,0.0
177,2017-09-15,10.0,0.0
178,2017-09-18,10.029999732971193,0.0029999732971193183
179,2017-09-19,10.029999732971193,0.0
180,2017-09-20,10.0,-0.002991000375860087
181,2017-09-21,9.979999542236328,-0.002000045776367143
182,2017-09-22,9.979999542236328,0.0
183,2017-09-25,9.979999542236328,0.0
184,2017-09-26,9.979999542236328,0.0
185,2017-09-27,10.05799961090088,0.00781563850122935
186,2017-09-28,10.05799961090088,0.0
187,2017-09-29,10.05799961090088,0.0
188,2017-10-02,9.979999542236328,-0.007755028005769216
189,2017-10-03,9.979999542236328,0.0
190,2017-10-04,10.0,0.0020040539760575182
191,2017-10-05,10.0,0.0
192,2017-10-06,9.979999542236328,-0.002000045776367143
193,2017-10-09,10.039999961853027,0.006012066369619706
194,2017-10-10,10.029999732971193,-0.00099603873703491
195,2017-10-11,9.979999542236328,-0.004985064014558449
196,2017-10-12,10.0,0.0020040539760575182
197,2017-10-13,9.960000038146973,-0.003999996185302779
198,2017-10-16,9.960000038146973,0.0
199,2017-10-17,9.960000038146973,0.0
200,2017-10-18,10.0,0.004016060411629274
201,2017-10-19,10.0,0.0
202,2017-10-20,10.0,0.0
203,2017-10-23,9.979999542236328,-0.002000045776367143
204,2017-10-24,9.970000267028807,-0.0010019314294759107
205,2017-10-25,9.960000038146973,-0.0010030319572713606
206,2017-10-26,9.949999809265137,-0.001004039040515603
207,2017-10-27,9.949999809265137,0.0
208,2017-10-30,9.949999809265137,0.0
209,2017-10-31,9.989999771118164,0.004020096745708468
210,2017-11-01,10.020000457763672,0.003003071805090629
211,2017-11-02,10.09000015258789,0.006985997168291736
212,2017-11-03,10.09000015258789,0.0
213,2017-11-06,10.09000015258789,0.0
214,2017-11-07,10.079999923706056,-0.0009911029465414778
215,2017-11-08,10.100000381469727,0.0019841724122073856
216,2017-11-09,10.09000015258789,-0.0009901216340727492
217,2017-11-10,10.09000015258789,0.0
218,2017-11-13,10.09000015258789,0.0
219,2017-11-14,10.010000228881836,-0.007928634538775127
220,2017-11-15,9.970000267028807,-0.00399600009374801
221,2017-11-16,10.079999923706056,0.011033064566810856
222,2017-11-17,9.949999809265137,-0.012896836847705371
223,2017-11-20,9.920000076293944,-0.0030150485976149217
224,2017-11-21,9.93000030517578,0.0010080875811415704
225,2017-11-22,9.93000030517578,0.0
226,2017-11-24,9.9399995803833,0.0010069763242916974
227,2017-11-27,9.93000030517578,-0.0010059633430221648
228,2017-11-28,9.920000076293944,-0.0010070723639982182
229,2017-11-29,9.920000076293944,0.0
230,2017-11-30,9.878999710083008,-0.0041331014007666145
231,2017-12-01,9.869999885559082,-0.0009110056471345328
232,2017-12-04,9.899999618530273,0.00303948665846332
233,2017-12-05,9.880000114440918,-0.002020152006058873
234,2017-12-06,9.904999732971193,0.0025303257328646023
235,2017-12-07,9.880000114440918,-0.0025239393441938147
236,2017-12-08,9.880000114440918,0.0
237,2017-12-11,9.880000114440918,0.0
238,2017-12-12,9.899999618530273,0.002024241281143757
239,2017-12-13,9.899999618530273,0.0
240,2017-12-14,9.920000076293944,0.0020202483368014783
241,2017-12-15,9.880000114440918,-0.004032254188043205
242,2017-12-18,9.93000030517578,0.005060747991468162
243,2017-12-19,9.93000030517578,0.0
244,2017-12-20,9.93000030517578,0.0
245,2017-12-21,9.93000030517578,0.0
246,2017-12-22,9.9399995803833,0.0010069763242916974
247,2017-12-26,9.9399995803833,0.0
248,2017-12-27,9.93000030517578,-0.0010059633430221648
249,2017-12-28,9.93000030517578,0.0
250,2017-12-29,9.93000030517578,0.0
251,2018-01-02,9.90999984741211,-0.0020141447279962144
252,2018-01-03,9.899999618530273,-0.001009104847206177
253,2018-01-04,9.9399995803833,0.004040400342860462
254,2018-01-05,9.949999809265137,0.001006059286116301
255,2018-01-08,9.9399995803833,-0.0010050481480938787
256,2018-01-09,9.9399995803833,0.0
257,2018-01-10,9.949999809265137,0.001006059286116301
258,2018-01-11,9.93000030517578,-0.0020100004495210433
259,2018-01-12,9.960000038146973,0.0030211210522881338
260,2018-01-16,9.9399995803833,-0.002008078081031095
261,2018-01-17,9.93000030517578,-0.0010059633430221648
262,2018-01-18,9.949999809265137,0.0020140486882898045
263,2018-01-19,9.960000038146973,0.0010050481480938787
264,2018-01-22,9.960000038146973,0.0
265,2018-01-23,9.960000038146973,0.0
266,2018-01-24,9.949999809265137,-0.001004039040515603
267,2018-01-25,9.949999809265137,0.0
268,2018-01-26,9.960000038146973,0.0010050481480938787
269,2018-01-29,9.960000038146973,0.0
270,2018-01-30,9.960000038146973,0.0
271,2018-01-31,9.93000030517578,-0.003012021371113782
272,2018-02-01,9.970000267028807,0.004028193416286019
273,2018-02-02,9.949999809265137,-0.002006063914542944
274,2018-02-05,9.949999809265137,0.0
275,2018-02-06,9.970000267028807,0.002010096296187536
276,2018-02-07,9.920000076293944,-0.005015064131965619
277,2018-02-08,9.920000076293944,0.0
278,2018-02-09,9.9399995803833,0.0020160790257603978
279,2018-02-12,9.920000076293944,-0.0020120226291383547
280,2018-02-13,9.9399995803833,0.0020160790257603978
281,2018-02-14,9.920000076293944,-0.0020120226291383547
282,2018-02-15,9.920000076293944,0.0
283,2018-02-16,9.920000076293944,0.0
284,2018-02-20,9.920000076293944,0.0
285,2018-02-21,9.90999984741211,-0.0010080875811414591
286,2018-02-22,9.920000076293944,0.001009104847206066
287,2018-02-23,9.920000076293944,0.0
288,2018-02-26,9.920000076293944,0.0
289,2018-02-27,9.920000076293944,0.0
290,2018-02-28,9.920000076293944,0.0
291,2018-03-01,9.920000076293944,0.0
292,2018-03-02,9.920000076293944,0.0
293,2018-03-05,9.920000076293944,0.0
294,2018-03-06,9.920000076293944,0.0
295,2018-03-07,9.949999809265137,0.003024166606901968
296,2018-03-08,9.920000076293944,-0.0030150485976149217
297,2018-03-09,9.920000076293944,0.0
298,2018-03-12,9.920000076293944,0.0
299,2018-03-13,9.920000076293944,0.0
300,2018-03-14,9.970000267028807,0.005040341769185108
301,2018-03-15,9.970000267028807,0.0
302,2018-03-16,9.970000267028807,0.0
303,2018-03-19,9.93000030517578,-0.004012032174694036
304,2018-03-20,9.93000030517578,0.0
305,2018-03-21,9.920000076293944,-0.0010070723639982182
306,2018-03-22,9.920000076293944,0.0
307,2018-03-23,9.920000076293944,0.0
308,2018-03-26,9.920000076293944,0.0
309,2018-03-27,9.920000076293944,0.0
310,2018-03-28,9.949999809265137,0.003024166606901968
311,2018-03-29,9.949999809265137,0.0
312,2018-04-02,9.949999809265137,0.0
313,2018-04-03,9.960000038146973,0.0010050481480938787
314,2018-04-04,9.920000076293944,-0.004016060411629385
315,2018-04-05,9.920000076293944,0.0
316,2018-04-06,9.920000076293944,0.0
317,2018-04-09,9.9399995803833,0.0020160790257603978
318,2018-04-10,9.920000076293944,-0.0020120226291383547
319,2018-04-11,9.9399995803833,0.0020160790257603978
320,2018-04-12,9.9399995803833,0.0
321,2018-04-13,9.9399995803833,0.0
322,2018-04-16,9.9399995803833,0.0
323,2018-04-17,9.949999809265137,0.001006059286116301
324,2018-04-18,9.949999809265137,0.0
325,2018-04-19,9.970000267028807,0.002010096296187536
326,2018-04-20,9.970000267028807,0.0
327,2018-04-23,9.949999809265137,-0.002006063914542944
328,2018-04-24,9.960000038146973,0.0010050481480938787
329,2018-04-25,9.960000038146973,0.0
330,2018-04-26,9.949999809265137,-0.001004039040515603
331,2018-04-27,9.949999809265137,0.0
332,2018-04-30,9.949999809265137,0.0
333,2018-05-01,10.0,0.005025144893802347
334,2018-05-02,10.0,0.0
335,2018-05-03,9.970000267028807,-0.0029999732971193183
336,2018-05-04,9.970000267028807,0.0
337,2018-05-07,9.970000267028807,0.0
338,2018-05-08,9.970000267028807,0.0
339,2018-05-09,9.970000267028807,0.0
340,2018-05-10,9.960000038146973,-0.0010030319572713606
341,2018-05-11,9.960000038146973,0.0
342,2018-05-14,10.029999732971193,0.007028081782743056
343,2018-05-15,10.010000228881836,-0.001993968556510905
344,2018-05-16,10.010000228881836,0.0
345,2018-05-17,10.010000228881836,0.0
346,2018-05-18,10.029999732971193,0.0019979524107953672
347,2018-05-21,10.029999732971193,0.0
348,2018-05-22,10.029999732971193,0.0
349,2018-05-23,10.0,-0.002991000375860087
350,2018-05-24,10.0,0.0
351,2018-05-25,10.0,0.0
352,2018-05-29,10.0,0.0
353,2018-05-30,10.0,0.0
354,2018-05-31,10.0,0.0
355,2018-06-01,10.0,0.0
356,2018-06-04,10.029999732971193,0.0029999732971193183
357,2018-06-05,10.029999732971193,0.0
358,2018-06-06,10.0,-0.002991000375860087
359,2018-06-07,10.010000228881836,0.0010000228881836826
360,2018-06-08,10.010000228881836,0.0
361,2018-06-11,10.039999961853027,0.002996976252271466
362,2018-06-12,10.039999961853027,0.0
363,2018-06-13,10.029999732971193,-0.00099603873703491
364,2018-06-14,10.050000190734863,0.0019940636386981407
365,2018-06-15,10.09000015258789,0.003980095631232361
366,2018-06-18,10.039999961853027,-0.004955420215929207
367,2018-06-19,10.0600004196167,0.001992077474070042
368,2018-06-20,10.100000381469727,0.0039761391833570406
369,2018-06-21,10.109999656677246,0.0009900272108767094
370,2018-06-22,10.06999969482422,-0.0039564750950913385
371,2018-06-25,10.06999969482422,0.0
372,2018-06-26,10.06999969482422,0.0
373,2018-06-27,10.0600004196167,-0.000992976714056959
374,2018-06-28,10.100000381469727,0.0039761391833570406
375,2018-06-29,10.100000381469727,0.0
376,2018-07-02,10.100000381469727,0.0
377,2018-07-03,10.100000381469727,0.0
378,2018-07-05,10.109999656677246,0.0009900272108767094
379,2018-07-06,10.109999656677246,0.0
380,2018-07-09,10.109999656677246,0.0
381,2018-07-10,10.109999656677246,0.0
382,2018-07-11,10.109999656677246,0.0
383,2018-07-12,10.109999656677246,0.0
384,2018-07-13,10.149999618530273,0.003956475095091561
385,2018-07-16,10.149999618530273,0.0
386,2018-07-17,10.149999618530273,0.0
387,2018-07-18,10.149999618530273,0.0
388,2018-07-19,10.149999618530273,0.0
389,2018-07-20,10.149999618530273,0.0
390,2018-07-23,10.128999710083008,-0.0020689565750255934
391,2018-07-24,10.119999885559082,-0.0008885205628910152
392,2018-07-25,10.119999885559082,0.0
393,2018-07-26,10.100000381469727,-0.0019762356043001588
394,2018-07-27,10.100000381469727,0.0
395,2018-07-30,10.130000114440918,0.002970270479021986
396,2018-07-31,10.130000114440918,0.0
397,2018-08-01,10.130000114440918,0.0
398,2018-08-02,10.130000114440918,0.0
399,2018-08-03,10.130000114440918,0.0
400,2018-08-06,10.130000114440918,0.0
401,2018-08-07,10.130000114440918,0.0
402,2018-08-08,10.130000114440918,0.0
403,2018-08-09,10.159000396728516,0.002862811644617436
404,2018-08-10,10.159000396728516,0.0
405,2018-08-13,10.140000343322754,-0.0018702680050962648
406,2018-08-14,10.140000343322754,0.0
407,2018-08-15,10.130000114440918,-0.0009862158326672257
408,2018-08-16,10.149999618530273,0.0019742846854311487
409,2018-08-17,10.149999618530273,0.0
410,2018-08-20,10.130000114440918,-0.001970394565615874
411,2018-08-21,10.15999984741211,0.0029614740999286404
412,2018-08-22,10.15999984741211,0.0
413,2018-08-23,10.15999984741211,0.0
414,2018-08-24,10.15999984741211,0.0
415,2018-08-27,10.15999984741211,0.0
416,2018-08-28,10.152999877929688,-0.0006889733846014988
417,2018-08-29,10.140000343322754,-0.001280363908522375
418,2018-08-30,10.130000114440918,-0.0009862158326672257
419,2018-08-31,10.130000114440918,0.0
420,2018-09-04,10.164999961853027,0.0034550688071774967
421,2018-09-05,10.18000030517578,0.0014756855267137323
422,2018-09-06,10.18000030517578,0.0
423,2018-09-07,10.18000030517578,0.0
424,2018-09-10,10.18000030517578,0.0
425,2018-09-11,10.199999809265137,0.001964587769136772
426,2018-09-12,10.199999809265137,0.0
427,2018-09-13,10.149999618530273,-0.004901979575474669
428,2018-09-14,10.149999618530273,0.0
429,2018-09-17,10.149999618530273,0.0
430,2018-09-18,10.130000114440918,-0.001970394565615874
431,2018-09-19,10.119999885559082,-0.0009871894144976023
432,2018-09-20,10.140000343322754,0.001976329840893687
433,2018-09-21,10.149999618530273,0.000986121781948901
434,2018-09-24,10.06999969482422,-0.007881766178591931
435,2018-09-25,10.149999618530273,0.007944381939472223
436,2018-09-26,10.130999565124512,-0.0018719265142704835
437,2018-09-27,10.130000114440918,-9.865272199149899e-05
438,2018-09-28,10.140000343322754,0.0009871894144977134
439,2018-10-01,10.130000114440918,-0.0009862158326672257
440,2018-10-02,10.119999885559082,-0.0009871894144976023
441,2018-10-03,10.130000114440918,0.0009881649204468435
442,2018-10-04,10.149999618530273,0.0019742846854311487
443,2018-10-05,10.149999618530273,0.0
444,2018-10-08,10.170000076293944,0.0019704885236799807
445,2018-10-09,10.170000076293944,0.0
446,2018-10-10,10.149999618530273,-0.001966613334673517
447,2018-10-11,10.15999984741211,0.0009852442618401014
448,2018-10-12,10.170000076293944,0.0009842745110257844
449,2018-10-15,10.18000030517578,0.000983306667336814
450,2018-10-16,10.18000030517578,0.0
451,2018-10-17,10.18000030517578,0.0
452,2018-10-18,10.18000030517578,0.0
453,2018-10-19,10.18000030517578,0.0
454,2018-10-22,10.18000030517578,0.0
455,2018-10-23,10.170000076293944,-0.000982340725152242
456,2018-10-24,10.170000076293944,0.0
457,2018-10-25,10.170000076293944,0.0
458,2018-10-26,10.18000030517578,0.000983306667336814
459,2018-10-29,10.100000381469727,-0.007858538438881846
460,2018-10-30,10.1899995803833,0.00891081143706618
461,2018-10-31,10.300000190734863,0.010794957299441243
462,2018-11-01,10.21500015258789,-0.008252430735237515
463,2018-11-02,10.220000267028807,0.0004894874563119433
464,2018-11-05,10.119999885559082,-0.009784772882280636
465,2018-11-06,10.18000030517578,0.005928895286087421
466,2018-11-07,10.149999618530273,-0.002947022175456393
467,2018-11-08,10.149999618530273,0.0
468,2018-11-09,10.170000076293944,0.0019704885236799807
469,2018-11-12,10.170000076293944,0.0
470,2018-11-13,10.199999809265137,0.002949826228725527
471,2018-11-14,10.199999809265137,0.0
472,2018-11-15,10.149999618530273,-0.004901979575474669
473,2018-11-16,10.175000190734863,0.002463110654600253
474,2018-11-19,10.175000190734863,0.0
475,2018-11-20,10.149999618530273,-0.0024570586472670852
476,2018-11-21,10.18000030517578,0.002955732785520082
477,2018-11-23,10.18000030517578,0.0
478,2018-11-26,10.18000030517578,0.0
479,2018-11-27,10.15999984741211,-0.001964681450304262
480,2018-11-28,10.170000076293944,0.0009842745110257844
481,2018-11-29,10.170000076293944,0.0
482,2018-11-30,10.170000076293944,0.0
483,2018-12-03,10.170000076293944,0.0
484,2018-12-04,10.149999618530273,-0.001966613334673517
485,2018-12-06,10.130000114440918,-0.001970394565615874
486,2018-12-07,10.06999969482422,-0.0059230423434214466
487,2018-12-10,10.09000015258789,0.001986142837119509
488,2018-12-11,10.100000381469727,0.0009911029465416998
489,2018-12-12,10.100000381469727,0.0
490,2018-12-13,10.050000190734863,-0.004950513747167595
491,2018-12-14,10.100000381469727,0.004975143262281545
492,2018-12-17,10.06999969482422,-0.002970364902218025
493,2018-12-18,10.09000015258789,0.001986142837119509
494,2018-12-19,10.0,-0.008919737485316825
495,2018-12-20,10.0,0.0
496,2018-12-21,10.050000190734863,0.005000019073486239
497,2018-12-24,10.045000076293944,-0.0004975238155248142
498,2018-12-26,10.050000190734863,0.0004977714686851265
499,2018-12-27,10.050000190734863,0.0
500,2018-12-28,10.050000190734863,0.0
501,2018-12-31,10.050000190734863,0.0
502,2019-01-02,10.06999969482422,0.0019900003691337713
503,2019-01-03,10.06999969482422,0.0
504,2019-01-04,10.06999969482422,0.0
505,2019-01-07,10.079999923706056,0.0009930714185597542
506,2019-01-08,10.079999923706056,0.0
507,2019-01-09,10.130000114440918,0.004960336419970846
508,2019-01-10,10.140000343322754,0.0009871894144977134
509,2019-01-11,10.140000343322754,0.0
510,2019-01-14,10.140000343322754,0.0
511,2019-01-15,10.140000343322754,0.0
512,2019-01-16,10.149999618530273,0.000986121781948901
513,2019-01-17,10.156000137329102,0.0005911841403296593
514,2019-01-18,10.1899995803833,0.0033477198300964073
515,2019-01-22,10.199999809265137,0.0009813767707200773
516,2019-01-23,10.170000076293944,-0.002941150346291499
517,2019-01-24,10.199999809265137,0.002949826228725527
518,2019-01-25,10.170000076293944,-0.002941150346291499
519,2019-01-28,10.210000038146973,0.00393313289606234
520,2019-01-29,10.225000381469727,0.0014691815148588636
521,2019-01-30,10.239999771118164,0.0014669329182246393
522,2019-01-31,10.234999656677246,-0.000488292436785054
523,2019-02-01,10.210000038146973,-0.0024425617360880336
524,2019-02-04,10.100000381469727,-0.010773717557910012
525,2019-02-05,10.359999656677246,0.0257425015235182
526,2019-02-06,10.199999809265137,-0.015444001227257418
527,2019-02-07,10.199999809265137,0.0
528,2019-02-08,10.199999809265137,0.0
529,2019-02-11,10.3100004196167,0.010784373765541087
530,2019-02-12,10.234999656677246,-0.0072745644895173545
531,2019-02-13,10.550000190734863,0.030776799670150682
532,2019-02-14,10.149999618530273,-0.03791474549506413
533,2019-02-15,10.0600004196167,-0.008866916482367926
534,2019-02-19,10.130000114440918,0.006958219871216143
535,2019-02-20,10.0,-0.012833179957776664
536,2019-02-21,9.899999618530273,-0.0100000381469727
537,2019-02-22,9.93000030517578,0.0030303725052021053
538,2019-02-25,10.0,0.0070493144685741535
539,2019-02-26,8.9399995803833,-0.1060000419616699
540,2019-02-27,8.600000381469728,-0.03803123208860315
541,2019-02-28,8.510000228881836,-0.010465133557646555
542,2019-03-01,8.470000267028809,-0.004700347917415138
543,2019-03-04,8.48900032043457,0.002243217568684619
544,2019-03-05,8.439999580383299,-0.005772262716649657
545,2019-03-06,8.539999961853027,0.011848387019136151
546,2019-03-07,8.449999809265138,-0.010538659600691669
547,2019-03-08,8.140000343322754,-0.036686328158549886
548,2019-03-11,8.010000228881836,-0.01597052935600396
549,2019-03-12,8.050000190734862,0.004993752897633819
550,2019-03-13,8.163000106811522,0.014037256322890102
551,2019-03-14,8.069999694824219,-0.011392920589294088
552,2019-03-15,8.050000190734862,-0.002478253388557672
553,2019-03-18,8.310000419616701,0.03229816431322408
554,2019-03-19,8.170000076293945,-0.016847212545533563
555,2019-03-20,8.449999809265138,0.03427169282208942
556,2019-03-21,8.399999618530272,-0.005917182469050819
557,2019-03-22,8.399999618530272,0.0
558,2019-03-25,8.399999618530272,0.0
559,2019-03-26,8.649999618530272,0.029761906113484168
560,2019-03-27,8.829999923706055,0.02080928475305144
561,2019-03-28,8.789999961853027,-0.004530007044013518
562,2019-03-29,8.800000190734863,0.0011376824715854106
563,2019-04-01,8.800000190734863,0.0
564,2019-04-02,8.850000381469727,0.005681839733084004
565,2019-04-03,9.229999542236328,0.0429377564279263
566,2019-04-04,9.279999732971193,0.005417139026504314
567,2019-04-05,8.859999656677246,-0.045258630213287236
568,2019-04-08,8.789999961853027,-0.00790064306283178
569,2019-04-09,8.989999771118164,0.022753106954846336
570,2019-04-10,8.90999984741211,-0.008898768158267067
571,2019-04-11,9.59000015258789,0.07631877854333369
572,2019-04-12,9.300000190734863,-0.030239828700604376
573,2019-04-15,9.199999809265137,-0.010752728969764092
574,2019-04-16,9.130000114440918,-0.007608662638636465
575,2019-04-17,9.130000114440918,0.0
576,2019-04-18,9.0,-0.014238785631042528
577,2019-04-22,9.050000190734863,0.005555576748318193
578,2019-04-23,9.020000457763672,-0.0033148875512626352
579,2019-04-24,8.984999656677246,-0.003880354690702914
580,2019-04-25,9.0,0.001669487356252386
581,2019-04-26,9.0,0.0
582,2019-04-29,9.0,0.0
583,2019-04-30,9.0,0.0
584,2019-05-01,9.079999923706056,0.00888888041178415
585,2019-05-02,9.199999809265137,0.013215846538256582
586,2019-05-03,9.25,0.0054348034534206216
587,2019-05-06,9.260000228881836,0.0010811058250632666
588,2019-05-07,9.260000228881836,0.0
589,2019-05-08,9.550000190734863,0.03131748970680581
590,2019-05-09,9.720000267028807,0.017801054753786568
591,2019-05-10,9.960000038146973,0.0246913337988548
592,2019-05-13,9.739999771118164,-0.022088380139177133
593,2019-05-14,9.890000343322754,0.0154004697874206
594,2019-05-15,9.619999885559082,-0.027300348674503597
595,2019-05-16,9.699999809265137,0.008316000484173136
596,2019-05-17,9.59000015258789,-0.011340171014454836
597,2019-05-20,9.369999885559082,-0.022940590566043032
598,2019-05-21,9.25,-0.012806818252369956
599,2019-05-22,9.0,-0.027027027027026973
600,2019-05-23,8.5,-0.05555555555555558
601,2019-05-24,9.0,0.058823529411764726
602,2019-05-28,9.199999809265137,0.02222220102945971
603,2019-05-29,9.079999923706056,-0.013043466092056977
604,2019-05-30,9.149999618530273,0.007709217556429948
605,2019-05-31,8.880000114440918,-0.029508143753641414
606,2019-06-03,8.680000305175781,-0.022522500753112684
607,2019-06-04,8.689999580383299,0.0011519901907786068
608,2019-06-05,7.949999809265138,-0.08515532875152587
609,2019-06-06,7.929999828338622,-0.0025157209316164497
610,2019-06-07,7.980000019073486,0.006305194428401385
611,2019-06-10,7.880000114440918,-0.01253131634004412
612,2019-06-11,7.880000114440918,0.0
613,2019-06-12,7.880000114440918,0.0
614,2019-06-13,7.71999979019165,-0.02030460938141998
615,2019-06-14,7.570000171661378,-0.0194300029283484
616,2019-06-17,7.71999979019165,0.019815008603540463
617,2019-06-18,7.949999809265138,0.029792749394333518
618,2019-06-19,8.399999618530272,0.0566037509511248
619,2019-06-20,7.820000171661378,-0.0690475563343389
620,2019-06-21,7.6500000953674325,-0.021739139713833237
621,2019-06-24,7.610000133514402,-0.005228753118219243
622,2019-06-25,7.260000228881836,-0.045992102298549005
623,2019-06-26,7.329999923706055,0.009641830939032923
624,2019-06-27,7.039999961853027,-0.03956343313389876
625,2019-06-28,6.8499999046325675,-0.02698864463778328
626,2019-07-01,7.3400001525878915,0.07153288390908474
627,2019-07-02,6.989999771118164,-0.04768397468579433
628,2019-07-03,6.21999979019165,-0.11015736854642844
629,2019-07-05,6.510000228881836,0.0466238663138685
630,2019-07-08,6.579999923706055,0.010752640915996148
631,2019-07-09,6.630000114440918,0.007598813269697135
632,2019-07-10,6.78000020980835,0.02262444838284594
633,2019-07-11,6.730000019073486,-0.007374659172212139
634,2019-07-12,6.679999828338622,-0.0074294488251349655
635,2019-07-15,6.559999942779541,-0.01796405518605026
636,2019-07-16,6.590000152587893,0.004573202754578176
637,2019-07-17,6.699999809265138,0.01669190502735396
638,2019-07-18,6.6500000953674325,-0.0074626440777748595
639,2019-07-19,6.539999961853027,-0.016541373223593503
640,2019-07-22,6.590000152587893,0.007645289147784284
641,2019-07-23,6.739999771118164,0.022761701829607132
642,2019-07-24,7.090000152587893,0.051928841744109284
643,2019-07-25,7.090000152587893,0.0
644,2019-07-26,6.9000000953674325,-0.02679831496916241
645,2019-07-29,6.789999961853027,-0.015942048115080154
646,2019-07-30,7.050000190734862,0.03829163922570622
647,2019-07-31,6.960000038146973,-0.012765978745102435
648,2019-08-01,6.829999923706055,-0.0186781772598279
649,2019-08-02,6.78000020980835,-0.00732060240940302
650,2019-08-05,6.25,-0.07817111997159233
651,2019-08-06,6.360000133514402,0.017600021362304208
652,2019-08-07,6.340000152587893,-0.003144651023058609
653,2019-08-08,6.019999980926514,-0.050473211981037484
654,2019-08-09,6.0,-0.0033222559783855354
655,2019-08-12,6.0,0.0
656,2019-08-13,6.179999828338622,0.029999971389770286
657,2019-08-14,6.170000076293945,-0.0016180829000710384
658,2019-08-15,6.079999923706055,-0.014586734436792703
659,2019-08-16,6.03000020980835,-0.008223637257420813
660,2019-08-19,6.119999885559082,0.014925318842334391
661,2019-08-20,6.139999866485598,0.003267970800736153
662,2019-08-21,6.360000133514402,0.0358306631616796
663,2019-08-22,6.179999828338622,-0.028301934181928282
664,2019-08-23,6.1500000953674325,-0.004854325858331676
665,2019-08-26,6.300000190734862,0.02439025903112091
666,2019-08-27,6.269999980926514,-0.00476193792064783
667,2019-08-28,6.230000019073486,-0.006379579262313917
668,2019-08-29,6.179999828338622,-0.00802571277396247
669,2019-08-30,6.260000228881836,0.012945048991161556
670,2019-09-03,6.139999866485598,-0.019169386263372726
671,2019-09-04,6.139999866485598,0.0
672,2019-09-05,6.230000019073486,0.014658005626212224
673,2019-09-06,6.21999979019165,-0.0016051731703402572
674,2019-09-09,6.239999771118164,0.0032154311255849772
675,2019-09-10,6.21999979019165,-0.0032051252660429963
676,2019-09-11,6.510000228881836,0.0466238663138685
677,2019-09-12,6.5,-0.001536133414783869
678,2019-09-13,6.519999980926514,0.0030769201425404624
679,2019-09-16,6.550000190734862,0.0046012591865201005
680,2019-09-17,6.639999866485598,0.013740408111444502
681,2019-09-18,6.679999828338622,0.006024090761645562
682,2019-09-19,6.570000171661378,-0.016467014895807597
683,2019-09-20,6.539999961853027,-0.004566241860655018
684,2019-09-23,6.420000076293945,-0.018348606461624728
685,2019-09-24,6.300000190734862,-0.018691570737231933
686,2019-09-25,6.269999980926514,-0.00476193792064783
687,2019-09-26,6.199999809265138,-0.01116430173434102
688,2019-09-27,6.1599998474121085,-0.0064516069489637395
689,2019-09-30,6.269999980926514,0.017857164973894783
690,2019-10-01,6.039999961853027,-0.0366826187835968
691,2019-10-02,6.010000228881836,-0.004966843238520147
692,2019-10-03,5.9000000953674325,-0.018302850137306703
693,2019-10-04,5.639999866485598,-0.04406783469138953
694,2019-10-07,5.5,-0.024822671950316063
695,2019-10-08,5.5,0.0
696,2019-10-09,5.6500000953674325,0.02727274461226048
697,2019-10-10,5.6500000953674325,0.0
698,2019-10-11,5.619999885559082,-0.005309771557871046
699,2019-10-14,5.329999923706055,-0.051601417750594465
700,2019-10-15,5.269999980926514,-0.01125702507286752
701,2019-10-16,5.079999923706055,-0.03605314191804898
702,2019-10-17,5.099999904632568,0.003937004178520276
703,2019-10-18,4.869999885559082,-0.045098043798896266
704,2019-10-21,4.940000057220459,0.014373752218957312
705,2019-10-22,4.880000114440918,-0.012145737264080192
706,2019-10-23,5.039999961853027,0.03278685320900654
707,2019-10-24,5.300000190734863,0.051587347390820826
708,2019-10-25,5.239999771118164,-0.011320833482532322
709,2019-10-28,5.289999961853027,0.009542021549400427
710,2019-10-29,5.460000038146973,0.03213612051414772
711,2019-10-30,5.349999904632568,-0.020146544458951362
712,2019-10-31,5.210000038146973,-0.026168199809568197
713,2019-11-01,5.28000020980835,0.01343573342588189
714,2019-11-04,5.380000114440918,0.018939375124797264
715,2019-11-05,5.329999923706055,-0.009293715552282866
716,2019-11-06,5.28000020980835,-0.009380809495948215
717,2019-11-07,5.3400001525878915,0.011363625074878758
718,2019-11-08,5.28000020980835,-0.011235944019676758
719,2019-11-11,5.309999942779541,0.005681767382406999
720,2019-11-12,5.4099998474121085,0.01883237395671644
721,2019-11-13,5.380000114440918,-0.005545237304496632
722,2019-11-14,5.309999942779541,-0.013011184046908042
723,2019-11-15,5.179999828338623,-0.024482131043652818
724,2019-11-18,5.21999979019165,0.007722000613628709
725,2019-11-19,5.320000171661377,0.01915716197108419
726,2019-11-20,5.385000228881836,0.012218055474265244
727,2019-11-21,5.045000076293945,-0.06313837291302947
728,2019-11-22,4.880000114440918,-0.0327056411016422
729,2019-11-25,4.730000019073486,-0.030737723739708626
730,2019-11-26,4.8400001525878915,0.023255842086857603
731,2019-11-27,4.800000190734863,-0.008264454667763155
732,2019-11-29,4.929999828338623,0.027083256757924667
733,2019-12-02,4.690000057220459,-0.04868149685089185
734,2019-12-03,4.760000228881836,0.014925409553803391
735,2019-12-04,4.760000228881836,0.0
736,2019-12-05,4.860000133514403,0.021008382315993668
737,2019-12-06,5.0900001525878915,0.0473251055051247
738,2019-12-09,5.929999828338622,0.1650294008976898
739,2019-12-10,6.309999942779541,0.064080965504409
740,2019-12-11,6.0999999046325675,-0.033280513478811224
741,2019-12-12,6.519999980926514,0.06885247260003746
742,2019-12-13,6.449999809265138,-0.010736222678857876
743,2019-12-16,6.179999828338622,-0.041860463397017884
744,2019-12-17,5.730000019073486,-0.07281550513992653
745,2019-12-18,5.570000171661377,-0.027923184446687063
746,2019-12-19,5.510000228881836,-0.010771982213717668
747,2019-12-20,5.539999961853027,0.005444597409259844
748,2019-12-23,5.550000190734863,0.0018050954784647464
749,2019-12-24,5.690000057220459,0.025225200301670414
750,2019-12-26,5.670000076293945,-0.003514935101122552
751,2019-12-27,5.699999809265138,0.005290958124783751
752,2019-12-30,5.610000133514403,-0.01578941732672401
753,2019-12-31,5.889999866485598,0.0499108246537221
754,2020-01-02,5.860000133514402,-0.005093333387305665
755,2020-01-03,5.690000057220459,-0.02901025126632362
756,2020-01-06,5.6599998474121085,-0.005272444553015565
757,2020-01-07,5.690000057220459,0.005300390568396818
758,2020-01-08,6.119999885559082,0.07557114657546693
759,2020-01-09,6.070000171661378,-0.00816988804455454
760,2020-01-10,5.980000019073486,-0.014827042840636072
761,2020-01-13,6.1500000953674325,0.028428106312997192
762,2020-01-14,6.1500000953674325,0.0
763,2020-01-15,6.239999771118164,0.014634093391075798
764,2020-01-16,6.269999980926514,0.004807726107171506
765,2020-01-17,6.139999866485598,-0.020733670627811614
766,2020-01-21,5.960000038146973,-0.029315933591649083
767,2020-01-22,5.960000038146973,0.0
768,2020-01-23,6.25,0.048657711408872865
769,2020-01-24,6.110000133514402,-0.02239997863769572
770,2020-01-27,6.1500000953674325,0.006546638458095001
771,2020-01-28,6.130000114440918,-0.00325202936851654
772,2020-01-29,5.929999828338622,-0.03262647346957459
773,2020-01-30,6.039999961853027,0.018549770100958485
774,2020-01-31,6.260000228881836,0.03642388549971343
775,2020-02-03,5.980000019073486,-0.044728466385114414
776,2020-02-04,6.039999961853027,0.010033435215412778
777,2020-02-05,6.28000020980835,0.039735140640910105
778,2020-02-06,6.739999771118164,0.07324833534103536
779,2020-02-07,6.730000019073486,-0.0014836427869816535
780,2020-02-10,6.710000038146973,-0.0029717653595588978
781,2020-02-11,6.75,0.00596124614390825
782,2020-02-12,6.78000020980835,0.004444475527162872
783,2020-02-13,6.800000190734862,0.0029498496028923515
784,2020-02-14,7.199999809265138,0.0588234716633218
785,2020-02-18,6.929999828338622,-0.03749999834431561
786,2020-02-19,6.730000019073486,-0.028860002051844687
787,2020-02-20,6.1500000953674325,-0.08618126627968448
788,2020-02-21,6.110000133514402,-0.006504058737033414
789,2020-02-24,6.059999942779541,-0.008183337093660814
790,2020-02-25,5.760000228881836,-0.04950490375089078
791,2020-02-26,5.800000190734862,0.006944437545758797
792,2020-02-27,5.570000171661377,-0.03965517439825195
793,2020-02-28,5.380000114440918,-0.034111319814158485
794,2020-03-02,5.190000057220459,-0.03531599501465876
795,2020-03-03,5.150000095367432,-0.007707121659349171
796,2020-03-04,4.949999809265137,-0.038835006291009784
797,2020-03-05,4.860000133514403,-0.018181753377500498
798,2020-03-06,4.690000057220459,-0.03497943860569663
799,2020-03-09,4.110000133514403,-0.12366735962254848
800,2020-03-10,4.179999828338623,0.017031555365027096
801,2020-03-11,4.010000228881837,-0.04066976230579278
802,2020-03-12,3.690000057220459,-0.07980053700660461
803,2020-03-13,3.859999895095825,0.046070416053982655
804,2020-03-16,3.609999895095825,-0.06476684113842279
805,2020-03-17,4.130000114440918,0.14404438627588645
806,2020-03-18,4.389999866485597,0.06295393337534437
807,2020-03-19,4.860000133514403,0.10706156749955986
808,2020-03-20,4.5900001525878915,-0.05555555010474178
809,2020-03-23,3.9600000381469727,-0.13725492233060574
810,2020-03-24,5.070000171661377,0.2803030613186088
811,2020-03-25,4.420000076293945,-0.12820514267446947
812,2020-03-26,4.739999771118164,0.0723981197512853
813,2020-03-27,4.5,-0.050632865550022665
814,2020-03-30,4.510000228881836,0.0022222730848524552
815,2020-03-31,4.519999980926514,0.0022172398086899303
816,2020-04-01,3.75,-0.1703539787999464
817,2020-04-02,3.940000057220459,0.050666681925455766
818,2020-04-03,4.070000171661377,0.032994952424602035
819,2020-04-06,4.5,0.1056510590177928
820,2020-04-07,4.53000020980835,0.006666713290744307
821,2020-04-08,4.489999771118164,-0.008830118507186069
822,2020-04-09,4.559999942779541,0.015590239472093481
823,2020-04-13,4.360000133514403,-0.04385960784535181
824,2020-04-14,3.9600000381469727,-0.09174313832990832
825,2020-04-15,3.759999990463257,-0.05050506205987393
826,2020-04-16,3.619999885559082,-0.03723407054767725
827,2020-04-17,3.829999923706055,0.05801106209552831
828,2020-04-20,3.890000104904175,0.01566584396692661
829,2020-04-21,3.829999923706055,-0.015424210688960271
830,2020-04-22,4.059999942779541,0.06005222549741696
831,2020-04-23,3.8199999332427983,-0.05911330367468792
832,2020-04-24,3.9600000381469727,0.03664924276198312
833,2020-04-27,4.139999866485597,0.04545450166784648
834,2020-04-28,4.369999885559082,0.05555556195433642
835,2020-04-29,4.5,0.029748310719757812
836,2020-04-30,3.910000085830689,-0.13111109203762472
837,2020-05-01,3.619999885559082,-0.07416884754620046
838,2020-05-04,3.8199999332427983,0.055248633703431034
839,2020-05-05,3.5699999332427983,-0.06544502732170865
840,2020-05-06,3.5999999046325684,0.008403353487606234
841,2020-05-07,3.7999999523162837,0.05555557027275215
842,2020-05-08,3.5,-0.07894735686336518
843,2020-05-11,3.2699999809265137,-0.06571429116385319
844,2020-05-12,3.0799999237060547,-0.058103993372692564
845,2020-05-13,3.1600000858306885,0.025974079255291826
846,2020-05-14,3.3499999046325684,0.060126523304170565
847,2020-05-15,3.1600000858306885,-0.05671636543605196
848,2020-05-18,3.315000057220459,0.049050622525228516
849,2020-05-19,3.2300000190734863,-0.02564103670581619
850,2020-05-20,3.3299999237060547,0.03095972261364044
851,2020-05-21,3.3399999141693115,0.003003000207918216
852,2020-05-22,3.240000009536743,-0.029940091976750623
853,2020-05-26,3.259999990463257,0.006172833601125083
854,2020-05-27,3.5999999046325684,0.10429445250427638
855,2020-05-28,3.890000104904175,0.08055561332055228
856,2020-05-29,3.75,-0.03598974322074566
857,2020-06-01,3.859999895095825,0.029333305358886674
858,2020-06-02,3.8199999332427983,-0.010362684699511848
859,2020-06-03,4.0,0.04712043714733771
860,2020-06-04,3.7799999713897705,-0.055000007152557366
861,2020-06-05,4.150000095367432,0.09788363142278687
862,2020-06-08,4.440000057220459,0.06987950727440917
863,2020-06-09,4.25,-0.04279280512879169
864,2020-06-10,4.610000133514403,0.084705913768095
865,2020-06-11,4.119999885559082,-0.1062907231592145
866,2020-06-12,4.190000057220459,0.01699033339945788
867,2020-06-15,4.355000019073486,0.03937946529826153
868,2020-06-16,4.460000038146973,0.0241102224141494
869,2020-06-17,4.25,-0.047085209944128785
870,2020-06-18,4.130000114440918,-0.028235267190372282
871,2020-06-19,4.0,-0.03147702441614009
872,2020-06-22,3.9800000190734863,-0.004999995231628418
873,2020-06-23,3.990000009536743,0.002512560405862674
874,2020-06-24,4.019999980926514,0.007518789804026538
875,2020-06-25,4.1550002098083505,0.033582146647354705
876,2020-06-26,4.059999942779541,-0.022864082366241826
877,2020-06-29,4.110000133514403,0.012315318088559346
878,2020-06-30,4.1649999618530265,0.013381952932345342
879,2020-07-01,4.139999866485597,-0.006002423912702115
880,2020-07-02,4.050000190734863,-0.021739052814785054
881,2020-07-06,3.8199999332427983,-0.0567901843605425
882,2020-07-07,3.619999885559082,-0.05235603434001535
883,2020-07-08,3.759999990463257,0.038674063350848
884,2020-07-09,3.609999895095825,-0.039893642486140135
885,2020-07-10,3.7699999809265137,0.04432135470365206
886,2020-07-13,3.670000076293945,-0.02652517377678953
887,2020-07-14,3.7000000476837163,0.008174378955344784
888,2020-07-15,3.880000114440918,0.048648666064176505
889,2020-07-16,3.690000057220459,-0.04896908546814227
890,2020-07-17,3.8199999332427983,0.035230318158927965
891,2020-07-20,3.630000114440918,-0.04973817333043496
892,2020-07-21,3.6800000667572017,0.013774091112937814
893,2020-07-22,3.5799999237060547,-0.02717395142312229
894,2020-07-23,3.5699999332427983,-0.002793293485018889
895,2020-07-24,3.5,-0.01960782480441503
896,2020-07-27,3.440000057220459,-0.017142840794154623
897,2020-07-28,3.359999895095825,-0.023255860695907796
898,2020-07-29,3.440000057220459,0.02380957280427309
899,2020-07-30,3.3199999332427983,-0.03488375638999885
900,2020-07-31,3.25,-0.021084317665761576
901,2020-08-03,3.220000028610228,-0.009230760427622052
902,2020-08-04,3.3199999332427983,0.03105587072796734
903,2020-08-05,3.369999885559082,0.015060226904115124
904,2020-08-06,3.3299999237060547,-0.01186942528527457
905,2020-08-07,3.990000009536743,0.19819822851411814
906,2020-08-10,4.099999904632568,0.027568895948097083
907,2020-08-11,4.0300002098083505,-0.017073096695715658
908,2020-08-12,3.619999885559082,-0.10173704786699432
909,2020-08-13,3.2000000476837163,-0.11602205832956812
910,2020-08-14,3.220000028610228,0.00624999394640291
911,2020-08-17,3.1800000667572017,-0.01242234829118638
912,2020-08-18,3.0799999237060547,-0.031446585204987776
913,2020-08-19,3.0499999523162837,-0.00974025069249762
914,2020-08-20,3.009999990463257,-0.013114741796192429
915,2020-08-21,2.8399999141693115,-0.056478430841383924
916,2020-08-24,2.890000104904175,0.0176057014950608
917,2020-08-25,2.7799999713897705,-0.0380623285541547
918,2020-08-26,2.9200000762939453,0.050359750483805366
919,2020-08-27,3.0399999618530287,0.04109585014510908
920,2020-08-28,3.309999942779541,0.08881578431400182
921,2020-08-31,3.265000104904175,-0.013595117417910862
922,2020-09-01,3.1700000762939453,-0.029096485622629894
923,2020-09-02,2.9300000667572017,-0.07570978036610276
924,2020-09-03,2.799999952316284,-0.04436863873003116
925,2020-09-04,2.759999990463257,-0.014285700905079525
926,2020-09-08,2.8199999332427983,0.021739109777848542
927,2020-09-09,2.8399999141693115,0.007092191985804242
928,2020-09-10,2.690000057220459,-0.05281685263456315
929,2020-09-11,2.6600000858306885,-0.011152405483875416
930,2020-09-14,2.720000028610229,0.02255636873816247
931,2020-09-15,2.759999990463257,0.01470586817363584
932,2020-09-16,2.8499999046325684,0.03260866466677248
933,2020-09-17,2.6800000667572017,-0.059649067917173726
934,2020-09-18,2.759999990463257,0.029850717057203324
935,2020-09-21,2.5550000667572017,-0.07427533493275362
936,2020-09-22,2.400000095367432,-0.06066534925241529
937,2020-09-23,2.309999942779541,-0.03750006208816914
938,2020-09-24,2.299999952316284,-0.00432900030777672
939,2020-09-25,2.380000114440918,0.034782679905739584
940,2020-09-28,2.5999999046325684,0.09243688219037338
941,2020-09-29,2.640000104904175,0.01538469297646361
942,2020-09-30,2.650000095367432,0.003787875024959364
943,2020-10-01,2.6600000858306885,0.0037735811710868368
944,2020-10-02,2.619999885559082,-0.015037668789816938
945,2020-10-05,2.7799999713897705,0.06106873771734755
946,2020-10-06,2.5799999237060547,-0.07194246393597348
947,2020-10-07,2.7100000381469727,0.05038764274619778
948,2020-10-08,2.9300000667572017,0.08118082122266658
949,2020-10-09,2.9100000858306885,-0.006825931901308202
950,2020-10-12,2.9800000190734863,0.024054959167747025
951,2020-10-13,2.9500000476837163,-0.010067104428776895
952,2020-10-14,3.0199999809265137,0.023728790546210243
953,2020-10-15,3.130000114440918,0.03642388549971343
954,2020-10-16,3.140000104904175,0.003194885015217697
955,2020-10-19,2.880000114440918,-0.0828025419671734
956,2020-10-20,3.0399999618530287,0.055555500366072375
957,2020-10-21,3.0799999237060547,0.013157882353605157
958,2020-10-22,3.0799999237060547,0.0
959,2020-10-23,3.2699999809265137,0.061688331794449665
960,2020-10-26,3.0999999046325684,-0.051987791218817685
961,2020-10-27,3.0699999332427983,-0.009677410423445163
962,2020-10-28,2.9800000190734863,-0.029315933591648743
963,2020-10-29,3.0399999618530287,0.02013420885755468
964,2020-10-30,2.9100000858306885,-0.04276311764921825
965,2020-11-02,3.0799999237060547,0.05841918655024302
966,2020-11-03,3.0399999618530287,-0.012987000923329715
967,2020-11-04,2.880000114440918,-0.0526315294144224
968,2020-11-05,2.744999885559082,-0.04687507761021148
969,2020-11-06,2.4800000190734863,-0.0965391174985869
970,2020-11-09,2.9300000667572017,0.18145163073500006
971,2020-11-10,3.059999942779541,0.04436855735850465
972,2020-11-11,3.059999942779541,0.0
973,2020-11-12,2.9300000667572017,-0.04248362040956588
974,2020-11-13,3.0199999809265137,0.0307166935558878
975,2020-11-16,3.2799999713897705,0.08609271261766382
976,2020-11-17,3.259999990463257,-0.006097555213709138
977,2020-11-18,3.2799999713897705,0.006134963492337775
978,2020-11-19,3.630000114440918,0.10670736161709438
979,2020-11-20,3.559999942779541,-0.01928379323816032
980,2020-11-23,3.640000104904175,0.022471956014182396
981,2020-11-24,3.8199999332427983,0.0494505008656756
982,2020-11-25,4.1550002098083505,0.08769640901045017
983,2020-11-27,3.890000104904175,-0.06377860205123786
984,2020-11-30,3.5799999237060547,-0.0796915611409107
985,2020-12-01,3.559999942779541,-0.00558658697003811
986,2020-12-02,3.670000076293945,0.030898914405183664
987,2020-12-03,3.75,0.02179834388091928
988,2020-12-04,3.920000076293945,0.04533335367838531
989,2020-12-07,4.019999980926514,0.025510179256708287
990,2020-12-08,4.079999923706056,0.014925358971199062
991,2020-12-09,4.050000190734863,-0.007352875865728525
992,2020-12-10,4.230000019073486,0.04444439996580907
993,2020-12-11,4.0,-0.05437352672255169
994,2020-12-14,3.990000009536743,-0.002499997615814209
995,2020-12-15,4.0300002098083505,0.010025112826065552
996,2020-12-16,3.859999895095825,-0.04218369872507044
997,2020-12-17,3.9300000667572017,0.018134759990618757
998,2020-12-18,4.5,0.14503814848866606
999,2020-12-21,4.789999961853027,0.06444443596733951
1000,2020-12-22,4.679999828338623,-0.02296453745102966
1001,2020-12-23,5.0,0.06837610756387047
1002,2020-12-24,5.28000020980835,0.056000041961669966
1003,2020-12-28,5.0,-0.05303034065949652
1004,2020-12-29,4.869999885559082,-0.026000022888183597
1005,2020-12-30,5.179999828338623,0.06365502054708005
1006,2020-12-31,5.179999828338623,0.0
1007,2021-01-04,5.150000095367432,-0.00579145443346729
1008,2021-01-05,5.139999866485597,-0.0019417919799322727
1009,2021-01-06,5.349999904632568,0.04085603961125317
1010,2021-01-07,5.300000190734863,-0.009345741082053105
1011,2021-01-08,5.489999771118164,0.035848976140688826
1012,2021-01-11,5.860000133514402,0.06739533293657662
1013,2021-01-12,5.840000152587893,-0.0034129659506534353
1014,2021-01-13,5.989999771118164,0.025684865515594568
1015,2021-01-14,6.25,0.043405715996096106
1016,2021-01-15,6.269999980926514,0.0031999969482421338
1017,2021-01-19,6.369999885559082,0.015948948155784848
1018,2021-01-20,6.449999809265138,0.012558857950283107
1019,2021-01-21,6.579999923706055,0.020155057098478982
1020,2021-01-22,6.9000000953674325,0.04863224549722256
1021,2021-01-25,7.300000190734862,0.05797102751288152
1022,2021-01-26,7.3499999046325675,0.006849275697439428
1023,2021-01-27,7.289999961853027,-0.008163257626945364
1024,2021-01-28,7.4000000953674325,0.015089181631002813
1025,2021-01-29,7.519999980926514,0.016216200542241266
1026,2021-02-01,7.78000020980835,0.034574498609214466
1027,2021-02-02,7.510000228881836,-0.03470436679244826
1028,2021-02-03,7.539999961853027,0.003994638090131897
1029,2021-02-04,7.710000038146973,0.022546429330772225
1030,2021-02-05,8.100000381469728,0.05058370186681471
1031,2021-02-08,8.149999618530272,0.006172745025410764
1032,2021-02-09,7.980000019073486,-0.020858847535436098
1033,2021-02-10,8.069999694824219,0.011278154829024832
1034,2021-02-11,8.020000457763674,-0.006195692559023636
1035,2021-02-12,8.189999580383299,0.021196896872376136
1036,2021-02-16,8.170000076293945,-0.002441942016365495
1037,2021-02-17,6.889999866485598,-0.15667077085132386
1038,2021-02-18,6.789999961853027,-0.0145137745385151
1039,2021-02-19,6.920000076293945,0.01914581961285311
1040,2021-02-22,6.360000133514402,-0.08092484633026997
1041,2021-02-23,6.960000038146973,0.0943396056661754
1042,2021-02-24,7.559999942779541,0.08620688237701679
1043,2021-02-25,7.3400001525878915,-0.02910050156835897
1044,2021-02-26,7.329999923706055,-0.001362428974652108
1045,2021-03-01,8.050000190734862,0.09822650402767996
1046,2021-03-02,7.8499999046325675,-0.0248447554488862
1047,2021-03-03,7.8400001525878915,-0.0012738537791285864
1048,2021-03-04,7.800000190734862,-0.005102035851341835
1049,2021-03-05,7.6599998474121085,-0.01794876152555125
1050,2021-03-08,7.795000076293945,0.0176240511189365
1051,2021-03-09,7.760000228881836,-0.0044900381102689355
1052,2021-03-10,7.8499999046325675,0.011597896017549349
1053,2021-03-11,8.140000343322754,0.03694273149214289
1054,2021-03-12,7.8499999046325675,-0.03562658801704777
1055,2021-03-15,7.429999828338622,-0.0535031950823448
1056,2021-03-16,7.550000190734862,0.01615078939013559
1057,2021-03-17,7.440000057220459,-0.014569553739798846
1058,2021-03-18,7.079999923706055,-0.048387114347536515
1059,2021-03-19,7.0,-0.011299424374029976
1060,2021-03-22,6.570000171661378,-0.061428546905517474
1061,2021-03-23,6.610000133514402,0.006088274095571222
1062,2021-03-24,6.46999979019165,-0.021180081769274658
1063,2021-03-25,6.425000190734862,-0.006955116061210132
1064,2021-03-26,6.440000057220459,0.0023346095004366236
1065,2021-03-29,5.889999866485598,-0.08540375556646251
1066,2021-03-30,5.840000152587893,-0.008488915964532828
1067,2021-03-31,6.389999866485598,0.09417803074097232
1068,2021-04-01,6.360000133514402,-0.004694793990300372
1069,2021-04-05,6.289999961853027,-0.011006316067904476
1070,2021-04-06,6.289999961853027,0.0
1071,2021-04-07,5.960000038146973,-0.05246421712359395
1072,2021-04-08,6.25,0.048657711408872865
1073,2021-04-09,6.190000057220459,-0.009599990844726514
1074,2021-04-12,6.199999809265138,0.001615468812963039
1075,2021-04-13,6.130000114440918,-0.011290273706075604
1076,2021-04-14,6.059999942779541,-0.011419277382470505
1077,2021-04-15,6.090000152587893,0.004950529718089625
1078,2021-04-16,5.929999828338622,-0.026272630581343992
1079,2021-04-19,5.690000057220459,-0.040472137953737934
1080,2021-04-20,5.6599998474121085,-0.005272444553015565
1081,2021-04-21,5.699999809265138,0.007067131259962611
1082,2021-04-22,5.679999828338622,-0.0035087687010104678
1083,2021-04-23,5.699999809265138,0.003521123508971158
1084,2021-04-26,5.5,-0.03508768701010223
1085,2021-04-27,5.369999885559082,-0.023636384443803227
1086,2021-04-28,5.119999885559082,-0.04655493581523085
1087,2021-04-29,5.050000190734863,-0.013671815700944112
1088,2021-04-30,5.099999904632568,0.009900933071139041
1089,2021-05-03,5.079999923706055,-0.003921564960883028
1090,2021-05-04,4.989999771118164,-0.017716565736133342
1091,2021-05-05,4.869999885559082,-0.024048074361372684
1092,2021-05-06,4.670000076293945,-0.04106772360676891
1093,2021-05-07,5.1599998474121085,0.10492500280792738
1094,2021-05-10,5.070000171661377,-0.0174417981418874
1095,2021-05-11,5.110000133514403,0.007889538559900933
1096,2021-05-12,5.03000020980835,-0.015655561960041253
1097,2021-05-13,5.190000057220459,0.03180911346685722
1098,2021-05-14,6.190000057220459,0.19267822523600464
1099,2021-05-17,6.210000038146973,0.0032310146593914624
1100,2021-05-18,6.460000038146973,0.04025764870600535
1101,2021-05-19,6.489999771118164,0.004643921485145475
1102,2021-05-20,6.590000152587893,0.015408379814549455
1103,2021-05-21,6.619999885559082,0.004552311422846954
1104,2021-05-24,6.25,-0.05589122234974697
1105,2021-05-25,5.9099998474121085,-0.05440002441406266
1106,2021-05-26,6.1500000953674325,0.04060918005952519
1107,2021-05-27,6.070000171661378,-0.013008117474065715
1108,2021-05-28,6.0,-0.011532153160091041
1109,2021-06-01,6.0,0.0
1110,2021-06-02,6.059999942779541,0.009999990463256836
1111,2021-06-03,5.860000133514402,-0.03300326916726104
1112,2021-06-04,5.889999866485598,0.005119408240218837
1113,2021-06-07,6.03000020980835,0.02376915899767007
1114,2021-06-08,6.380000114440918,0.05804309990955914
1115,2021-06-09,6.199999809265138,-0.028213213471322
1116,2021-06-10,6.289999961853027,0.014516154089778466
1117,2021-06-11,6.3499999046325675,0.009538941676219936
1118,2021-06-14,6.670000076293945,0.050393728577527115
1119,2021-06-15,6.989999771118164,0.047975965691745566
1120,2021-06-16,7.110000133514402,0.017167434381337943
1121,2021-06-17,7.119999885559082,0.0014064348603235466
1122,2021-06-18,7.28000020980835,0.022471956014182396
1123,2021-06-21,6.769999980926514,-0.07005497447578535
1124,2021-06-22,6.639999866485598,-0.019202380326022398
1125,2021-06-23,6.940000057220459,0.04518075252517195
1126,2021-06-24,7.070000171661378,0.01873200480822268
1127,2021-06-25,7.139999866485598,0.009900946693721435
1128,2021-06-28,7.28000020980835,0.019607891588331542
1129,2021-06-29,7.320000171661378,0.00549450009618635
1130,2021-06-30,7.110000133514402,-0.02868852912872455
1131,2021-07-01,7.03000020980835,-0.011251747145398228
1132,2021-07-02,7.03000020980835,0.0
1133,2021-07-06,7.0999999046325675,0.009957282039132044
1134,2021-07-07,7.170000076293945,0.00985917923966495
1135,2021-07-08,7.260000228881836,0.012552322403099671
1136,2021-07-09,7.019999980926514,-0.033057884351098236
1137,2021-07-12,7.070000171661378,0.007122534312067773
1138,2021-07-13,7.010000228881836,-0.008486554642535782
1139,2021-07-14,6.75,-0.037089903051730544
1140,2021-07-15,7.0,0.03703703703703698
1141,2021-07-16,7.1599998474121085,0.02285712105887261
1142,2021-07-19,6.840000152587893,-0.04469269576030455
1143,2021-07-20,7.039999961853027,0.02923973754437204
1144,2021-07-21,7.230000019073486,0.02698864463778317
1145,2021-07-22,7.199999809265138,-0.004149406601549832
1146,2021-07-23,6.989999771118164,-0.029166672737510387
1147,2021-07-26,6.860000133514402,-0.01859794590278885
1148,2021-07-27,6.940000057220459,0.011661796231638322
1149,2021-07-28,7.079999923706055,0.02017289125811139
1150,2021-07-29,7.190000057220459,0.015536742189232068
1151,2021-07-30,6.920000076293945,-0.03755215282027291
1152,2021-08-02,7.1500000953674325,0.033236996609494966
1153,2021-08-03,7.090000152587893,-0.008391600276818845
1154,2021-08-04,7.019999980926514,-0.009873084648076902
1155,2021-08-05,7.0,-0.0028490001397227798
1156,2021-08-06,7.269999980926514,0.03857142584664475
1157,2021-08-09,7.4000000953674325,0.01788172142805844
1158,2021-08-10,7.130000114440918,-0.036486483438769146
1159,2021-08-11,7.289999961853027,0.022440370945864263
1160,2021-08-12,7.260000228881836,-0.0041151897295163
1161,2021-08-13,7.25,-0.001377441951317393
1162,2021-08-16,7.179999828338622,-0.009655196091224559
1163,2021-08-17,6.949999809265138,-0.03203342960618205
1164,2021-08-18,6.760000228881836,-0.02733806987016185
1165,2021-08-19,6.710000038146973,-0.007396477668926594
